# Elapsed time   CPU (%)     Real (MB)   Virtual (MB)
       0.000        0.000       15.641      539.848
       1.002       10.000       15.641      539.848
       2.004        7.000       15.641      539.848
       3.006       11.000       15.641      539.848
       4.008        9.000       15.641      539.848
       5.010        6.000       15.641      539.848
       6.011       13.000       28.098      679.508
       7.013       15.000       28.098      679.508
       8.016       13.000       28.098      679.508
       9.018       13.000       28.098      679.508
      10.020       15.000       28.098      679.508
      11.022       12.000       28.098      679.508
      12.024       13.000       28.098      679.508
      13.027       13.000       28.098      679.508
      14.029       14.000       28.098      679.508
      15.031       14.000       28.098      679.508
      16.033       14.000       28.098      679.508
      17.035       12.000       28.098      679.508
      18.036       35.000       28.098      679.508
      19.037       21.000       28.375      679.762
      20.039       13.000       28.375      679.762
      21.041       14.000       28.375      679.762
      22.043       15.000       28.375      679.762
      23.044       12.000       28.375      679.762
      24.046       38.900       28.375      679.762
      25.048       17.000       28.375      679.910
      26.050       14.000       28.375      679.910
      27.052       15.000       28.375      679.910
      28.055       13.000       28.375      679.910
      29.057       13.000       28.375      679.910
      30.059       44.900       28.633      680.051
      31.061       13.000       28.633      680.051
      32.063       12.000       28.633      680.051
      33.065       13.000       28.633      680.051
      34.067       15.000       28.633      680.051
      35.069       49.900       29.922      681.410
      36.071       13.000       29.922      681.410
      37.073       13.000       29.922      681.410
      38.074       13.000       29.922      681.410
      39.076       14.000       29.922      681.410
      40.078       51.900       30.438      681.910
      41.080       12.000       30.438      681.910
      42.082       14.000       30.438      681.910
      43.084       15.000       30.438      681.910
      44.086       12.000       30.438      681.910
      45.088       45.900       30.695      682.051
      46.090       13.000       30.695      682.051
      47.092       12.000       30.695      682.051
      48.094       14.000       30.695      682.051
      49.096       14.000       30.695      682.051
      50.099       45.900       30.695      682.051
      51.101       14.000       30.695      682.051
      52.103       13.000       30.695      682.051
      53.105       13.000       30.695      682.051
      54.107       15.000       30.695      682.051
      55.108       48.900       31.469      682.918
      56.110       12.000       31.469      682.918
      57.112       14.000       31.469      682.918
      58.114       13.000       31.469      682.918
      59.115       13.000       31.469      682.918
      60.117       44.900       31.984      683.422
      61.119       12.000       31.984      683.422
      62.121       13.000       31.984      683.422
      63.123       13.000       31.984      683.422
      64.125       13.000       31.984      683.422
      65.127       51.900       33.016      684.414
      66.129       14.000       33.016      684.414
      67.131       15.000       33.016      684.414
      68.133       13.000       33.016      684.414
      69.135       13.000       33.016      684.414
      70.136       52.900       33.016      684.414
      71.139       13.000       33.016      684.414
      72.141       11.000       33.016      684.414
      73.143       15.000       33.016      684.414
      74.144       11.000       33.016      684.414
      75.146       55.900       34.562      685.961
      76.148       14.000       34.562      685.961
      77.150       12.000       34.562      685.961
      78.152       14.000       34.562      685.961
      79.154       14.000       34.562      685.961
      80.156       55.900       34.562      686.102
      81.158       13.000       34.562      686.102
      82.160       14.000       34.562      686.102
      83.163       14.000       34.562      686.102
      84.165       14.000       34.562      686.102
      85.167       52.900       34.562      686.102
      86.168       13.000       35.078      686.488
      87.170       14.000       35.078      686.488
      88.172       14.000       35.078      686.488
      89.174       12.000       35.078      686.488
      90.176       45.900       35.078      686.488
      91.178       14.000       34.703      685.961
      92.180       14.000       34.703      685.961
      93.182       13.000       34.703      685.961
      94.183       14.000       34.703      685.961
      95.186       38.900       34.703      685.961
      96.187       16.000       34.703      685.961
      97.188       15.000       34.703      685.961
      98.191       12.000       34.703      685.961
      99.193       15.000       34.703      685.961
     100.195       41.900       34.703      685.961
     101.196       14.000       34.703      685.961
     102.198       14.000       34.703      685.961
     103.200       13.000       34.703      685.961
     104.202       13.000       34.703      685.961
     105.205       34.900       34.703      685.961
     106.206       26.000       34.703      685.961
     107.208       12.000       34.703      685.961
     108.210       14.000       34.703      685.961
     109.213       14.000       34.703      685.961
     110.214       29.000       34.703      685.961
     111.216       33.900       34.703      685.961
     112.218       15.000       34.703      685.961
     113.220       12.000       34.703      685.961
     114.222       12.000       34.703      685.961
     115.224       32.900       34.703      685.961
     116.225       30.900       34.703      685.961
     117.228       14.000       34.703      685.961
     118.230       13.000       34.703      685.961
     119.232       13.000       34.703      685.961
     120.234       28.000       34.703      685.961
     121.235       37.000       34.703      685.961
     122.237       13.000       34.703      685.961
     123.239       13.000       34.703      685.961
     124.240       13.000       34.703      685.961
     125.242       20.000       34.703      685.961
     126.244       42.900       34.703      685.961
     127.246       13.000       34.703      685.961
     128.248       13.000       34.703      685.961
     129.250       13.000       34.703      685.961
     130.252       22.000       34.703      685.961
     131.253       34.000       34.703      685.961
     132.255       14.000       34.703      685.961
     133.257       14.000       34.703      685.961
     134.260       12.000       34.703      685.961
     135.262       24.000       34.703      685.961
     136.263       49.900       34.703      685.961
     137.265       12.000       34.703      685.961
     138.267       15.000       34.703      685.961
     139.269       15.000       34.703      685.961
     140.271       20.000       34.703      685.961
     141.272       48.900       34.703      686.102
     142.274       13.000       34.703      686.102
     143.277       15.000       34.703      686.102
     144.278       14.000       34.703      686.102
     145.280       14.000       34.703      686.102
     146.283       13.000       34.703      686.102
     147.285       25.000       34.703      686.102
     148.286       42.900       34.703      686.242
     149.288       15.000       34.703      686.242
     150.291       14.000       34.703      686.242
     151.293       15.000       34.703      686.242
     152.295       48.900       34.961      686.383
     153.297       13.000       34.961      686.383
     154.299       15.000       34.961      686.383
     155.300       14.000       34.961      686.383
     156.302       13.000       34.961      686.383
     157.304       45.900       34.961      686.383
     158.307       14.000       34.961      686.383
     159.308       13.000       34.961      686.383
     160.310       13.000       34.961      686.383
     161.313       14.000       34.961      686.383
     162.315       43.900       34.695      685.992
     163.317       16.000       34.695      685.992
     164.319       11.000       34.695      685.992
     165.321       13.000       34.695      685.992
     166.323       13.000       34.695      685.992
     167.325       50.900       34.695      685.992
     168.327       12.000       34.695      685.992
     169.329       14.000       34.695      685.992
     170.329       12.000       34.695      685.992
     171.331       14.000       34.695      685.992
     172.332       48.900       34.695      685.992
     173.334       14.000       34.695      685.992
     174.336       14.000       34.695      685.992
     175.338       13.000       34.695      685.992
     176.340       12.000       34.695      685.992
     177.342       47.900       34.695      686.133
     178.344       15.000       34.695      686.133
     179.346       14.000       34.695      686.133
     180.348       13.000       34.695      686.133
     181.350       13.000       34.695      686.133
     182.352       52.900       35.211      686.547
     183.354       14.000       35.211      686.547
     184.357       12.000       35.211      686.547
     185.359       13.000       35.211      686.547
     186.361       14.000       35.211      686.547
     187.363       58.900       35.211      686.695
     188.365       11.000       35.211      686.695
     189.368       13.000       35.211      686.695
     190.370       14.000       35.211      686.695
     191.372       14.000       35.211      686.695
     192.374       55.900       35.469      686.836
     193.375       13.000       35.469      686.836
     194.376       13.000       35.469      686.836
     195.378       13.000       35.469      686.836
     196.380       12.000       35.469      686.836
     197.382       48.900       35.469      686.836
     198.384       12.000       35.469      686.836
     199.386       15.000       35.469      686.836
     200.387       13.000       35.469      686.836
     201.390       13.000       35.469      686.836
     202.391       52.900       35.469      686.977
     203.392       12.000       35.469      686.977
     204.394       15.000       35.469      686.977
     205.397       13.000       35.469      686.977
     206.399       12.000       35.469      686.977
     207.401       47.900       35.469      686.977
     208.402       16.000       35.324      686.707
     209.403       13.000       35.324      686.707
     210.405       13.000       35.324      686.707
     211.407       12.000       35.324      686.707
     212.409       46.900       35.324      686.707
     213.411       12.000       35.324      686.707
     214.413       14.000       35.324      686.707
     215.416       13.000       35.324      686.707
     216.418       14.000       35.324      686.707
     217.420       43.900       35.324      686.707
     218.421       21.000       35.840      687.328
     219.423       12.000       35.840      687.328
     220.424       11.000       35.840      687.328
     221.426       10.000       35.840      695.332
     222.427       10.000       35.840      695.332
     223.429        9.000       35.840      695.332
     224.430        5.000       35.840      695.332
     225.433       10.000       35.840      695.332
