# Elapsed time   CPU (%)     Real (MB)   Virtual (MB)
       0.000        0.000       15.855      603.848
       1.002        4.000       15.855      603.848
       2.004        4.000       15.855      603.848
       3.006        4.000       15.855      603.848
       4.008        4.000       15.855      603.848
       5.011        3.000       15.855      603.848
       6.012        5.000       15.855      603.855
       7.014       10.000       32.746      684.020
       8.016        8.000       32.746      684.020
       9.018        6.000       32.746      684.020
      10.020        9.000       32.746      684.020
      11.023        7.000       32.746      684.020
      12.024        7.000       32.746      684.020
      13.027        8.000       32.746      684.020
      14.028        7.000       32.746      684.020
      15.030        7.000       32.746      684.020
      16.032        7.000       32.746      684.020
      17.035        7.000       32.746      684.020
      18.036        6.000       32.746      684.020
      19.039        5.000       32.746      684.020
      20.041        6.000       32.746      684.020
      21.043        7.000       32.746      684.020
      22.044        5.000       32.746      684.020
      23.047        8.000       32.746      684.020
      24.048       36.900       32.746      684.020
      25.050       22.000       32.984      684.242
      26.052        4.000       32.984      684.242
      27.054        7.000       32.984      684.242
      28.056        7.000       32.984      684.242
      29.059        7.000       32.984      684.242
      30.060        6.000       32.984      684.242
      31.063        7.000       32.984      684.242
      32.064        6.000       32.984      684.242
      33.066        7.000       32.984      684.242
      34.068        8.000       32.984      684.242
      35.071       63.900       35.305      686.609
      36.072        6.000       35.305      686.609
      37.074        7.000       35.305      686.609
      38.076        8.000       35.305      686.609
      39.078        7.000       35.305      686.609
      40.080        7.000       35.305      686.609
      41.082        7.000       35.305      686.609
      42.084        7.000       35.305      686.609
      43.087        7.000       35.305      686.609
      44.088        7.000       35.305      686.609
      45.090       60.900       36.078      687.359
      46.092        8.000       36.078      687.359
      47.094        7.000       36.078      687.359
      48.096        7.000       36.078      687.359
      49.099        7.000       36.078      687.359
      50.101        7.000       36.078      687.359
      51.103        7.000       36.078      687.359
      52.104        7.000       36.078      687.359
      53.106        6.000       36.078      687.359
      54.108        8.000       36.078      687.359
      55.110       59.900       36.852      688.301
      56.112        8.000       36.852      688.301
      57.115        6.000       36.852      688.301
      58.116        6.000       36.852      688.301
      59.119        8.000       36.852      688.301
      60.120        6.000       36.852      688.301
      61.123        6.000       36.852      688.301
      62.124        6.000       36.852      688.301
      63.127        6.000       36.852      688.301
      64.128        8.000       36.852      688.301
      65.131       61.900       39.688      691.059
      66.132        4.000       39.688      691.059
      67.134        7.000       39.688      691.059
      68.136        7.000       39.688      691.059
      69.138        6.000       39.688      691.059
      70.140        6.000       39.688      691.059
      71.142        6.000       39.688      691.059
      72.144       48.900       39.688      691.059
      73.145       30.000       41.234      692.598
      74.147        7.000       41.234      692.598
      75.149        6.000       41.234      692.598
      76.151        8.000       41.234      692.598
      77.154        7.000       41.234      692.598
      78.156        6.000       41.234      692.598
      79.159        8.000       41.234      692.598
      80.160       74.900       41.492      692.738
      81.162        7.000       41.492      692.738
      82.164        7.000       41.492      692.738
      83.166        8.000       41.492      692.738
      84.168        7.000       41.492      692.738
      85.171        7.000       41.492      692.738
      86.173        7.000       41.492      692.738
      87.175        5.000       41.492      692.738
      88.176        8.000       41.492      692.738
      89.179        7.000       41.492      692.738
      90.180       62.900       42.266      693.605
      91.183        6.000       42.266      693.605
      92.184        7.000       42.266      693.605
      93.186        7.000       42.266      693.605
      94.188        7.000       42.266      693.605
      95.191        7.000       42.266      693.605
      96.192        7.000       42.266      693.605
      97.195        7.000       42.266      693.605
      98.197        6.000       42.266      693.605
      99.199        7.000       42.266      693.605
     100.200       56.900       42.523      693.926
     101.203        8.000       42.523      693.926
     102.205        6.000       42.523      693.926
     103.207        7.000       42.523      693.926
     104.208        8.000       42.523      693.926
     105.211        6.000       42.523      693.926
     106.212        7.000       42.523      693.926
     107.215        8.000       42.523      693.926
     108.216        7.000       42.523      693.926
     109.218        6.000       42.523      693.926
     110.220       55.900       42.781      694.117
     111.222        6.000       42.781      694.117
     112.224        7.000       42.781      694.117
     113.226        8.000       42.781      694.117
     114.228        7.000       42.781      694.117
     115.231        7.000       42.781      694.117
     116.233        6.000       42.781      694.117
     117.234        7.000       42.781      694.117
     118.236        8.000       42.781      694.117
     119.239        7.000       42.781      694.117
     120.240       57.900       42.781      694.258
     121.243        7.000       42.781      694.258
     122.244        8.000       42.781      694.258
     123.246        6.000       42.781      694.258
     124.249        8.000       42.781      694.258
     125.251        6.000       42.781      694.258
     126.252        6.000       42.781      694.258
     127.254        6.000       42.781      694.258
     128.256        8.000       42.781      694.258
     129.259        6.000       42.781      694.258
     130.260       59.900       44.070      695.301
     131.262        6.000       44.070      695.301
     132.264        6.000       44.070      695.301
     133.267        8.000       44.070      695.301
     134.268        5.000       44.070      695.301
     135.270        6.000       44.070      695.301
     136.272        8.000       44.070      695.301
     137.275        7.000       44.070      695.301
     138.276       50.900       44.070      695.301
     139.278       30.900       44.844      696.152
     140.280        7.000       44.844      696.152
     141.282        7.000       44.844      696.152
     142.285        6.000       44.844      696.152
     143.287        7.000       44.844      696.152
     144.288        6.000       44.844      696.152
     145.291        5.000       44.844      696.152
     146.292        5.000       44.844      696.152
     147.295        7.000       44.844      696.152
     148.298       69.800       44.844      696.293
     149.300        6.000       44.844      696.293
     150.302        7.000       44.844      696.293
     151.304        6.000       44.844      696.293
     152.306        7.000       44.844      696.293
     153.308        7.000       44.844      696.293
     154.310        7.000       44.844      696.293
     155.312        7.000       44.844      696.293
     156.314        5.000       44.844      696.293
     157.316       16.000       44.844      696.293
     158.316       51.900       45.617      696.941
     159.319        6.000       45.617      696.941
     160.320        7.000       45.617      696.941
     161.323        7.000       45.617      696.941
     162.324        6.000       45.617      696.941
     163.327        8.000       45.617      696.941
     164.328        6.000       45.617      696.941
     165.331        7.000       45.617      696.941
     166.332        7.000       45.617      696.941
     167.334       12.000       45.617      696.941
     168.335       53.900       45.617      697.082
     169.336        6.000       45.617      697.082
     170.339        8.000       45.617      697.082
     171.340        7.000       45.617      697.082
     172.342        7.000       45.617      697.082
     173.344        8.000       45.617      697.082
     174.347        6.000       45.617      697.082
     175.348        8.000       45.617      697.082
     176.351        7.000       45.617      697.082
     177.352       12.000       45.617      697.082
     178.353       49.900       45.520      696.844
     179.356        8.000       45.520      696.844
     180.358        7.000       45.520      696.844
     181.360        7.000       45.520      696.844
     182.363        7.000       45.520      696.844
     183.364        8.000       45.520      696.844
     184.367        7.000       45.520      696.844
     185.368        7.000       45.520      696.844
     186.370        8.000       45.520      696.844
     187.372       28.900       45.520      696.844
     188.374       53.900       45.777      696.992
     189.375        5.000       45.777      696.992
     190.376        7.000       45.777      696.992
     191.378        5.000       45.777      696.992
     192.380        7.000       45.777      696.992
     193.382        6.000       45.777      696.992
     194.384        7.000       45.777      696.992
     195.387        6.000       45.777      696.992
     196.388        6.000       45.777      696.992
     197.390       33.900       45.777      696.992
     198.391       49.900       45.777      697.133
     199.393        8.000       45.777      697.133
     200.395        7.000       45.777      697.133
     201.396        7.000       45.777      697.133
     202.399        7.000       45.777      697.133
     203.400        7.000       45.777      697.133
     204.403        6.000       45.777      697.133
     205.405        8.000       45.777      697.133
     206.408        7.000       45.777      697.133
     207.408       31.000       45.777      697.133
     208.410       42.900       45.832      696.914
     209.412        7.000       45.832      696.914
     210.414        6.000       45.832      696.914
     211.416        6.000       45.832      696.914
     212.418        7.000       45.832      696.914
     213.420        7.000       45.832      696.914
     214.423        6.000       45.832      696.914
     215.424        7.000       45.832      696.914
     216.427        5.000       45.832      696.914
     217.428       35.900       45.832      696.914
     218.430       39.900       45.832      696.914
     219.432        5.000       45.832      696.914
     220.435        6.000       45.832      696.914
     221.436        6.000       45.832      704.918
     222.438        3.000       45.832      704.918
     223.440        4.000       45.832      704.918
     224.442        4.000       45.832      704.918
