# Elapsed time   CPU (%)     Real (MB)   Virtual (MB)
       0.000        0.000       15.469      603.848
       1.001        4.000       15.469      603.848
       2.003        4.000       15.469      603.848
       3.005        4.000       15.469      603.848
       4.007        4.000       15.469      603.848
       5.009       10.000       23.539      675.125
       6.011        7.000       23.539      675.125
       7.013        6.000       23.539      675.125
       8.015        7.000       23.539      675.125
       9.017        8.000       23.539      675.125
      10.020        8.000       23.539      675.125
      11.021        7.000       23.539      675.125
      12.023        8.000       23.539      675.125
      13.025        6.000       23.539      675.125
      14.027        7.000       23.539      675.125
      15.028        7.000       23.539      675.125
      16.030        6.000       23.539      675.125
      17.033        6.000       23.539      675.125
      18.035        5.000       23.539      675.125
      19.037        5.000       23.539      675.125
      20.039        8.000       23.539      675.125
      21.041        6.000       23.539      675.125
      22.043       21.000       23.805      675.285
      23.045        6.000       23.805      675.285
      24.047        5.000       23.805      675.285
      25.049        6.000       23.805      675.285
      26.051        7.000       23.805      675.285
      27.053        7.000       23.805      675.285
      28.055        6.000       23.805      675.285
      29.057        7.000       23.805      675.285
      30.059        7.000       23.805      675.285
      31.060        6.000       23.805      675.285
      32.061        8.000       23.805      675.285
      33.063       26.900       24.578      676.172
      34.065        7.000       24.578      676.172
      35.067        7.000       24.578      676.172
      36.069        7.000       24.578      676.172
      37.071        6.000       24.578      676.172
      38.073        8.000       24.578      676.172
      39.075        6.000       24.578      676.172
      40.077        8.000       24.578      676.172
      41.079        7.000       24.578      676.172
      42.081        7.000       24.578      676.172
      43.083       26.000       24.836      676.426
      44.085        7.000       24.836      676.426
      45.087        8.000       24.836      676.426
      46.088        6.000       24.836      676.426
      47.090        6.000       24.836      676.426
      48.092        5.000       24.836      676.426
      49.093        5.000       24.836      676.426
      50.095        5.000       24.836      676.426
      51.097        4.000       24.836      676.426
      52.098        5.000       24.836      676.426
      53.101       24.900       25.094      676.727
      54.103        6.000       25.094      676.727
      55.104        3.000       25.094      676.727
      56.107        5.000       25.094      676.727
      57.109        6.000       25.094      676.727
      58.110        7.000       25.094      676.727
      59.112        6.000       25.094      676.727
      60.114        6.000       25.094      676.727
      61.116        7.000       25.094      676.727
      62.117        6.000       25.094      676.727
      63.119       25.000       26.125      677.656
      64.121        6.000       26.125      677.656
      65.123        6.000       26.125      677.656
      66.125        3.000       26.125      677.656
      67.126        5.000       26.125      677.656
      68.129        4.000       26.125      677.656
      69.129        3.000       26.125      677.656
      70.131       27.000       26.641      678.156
      71.132        3.000       26.641      678.156
      72.133        4.000       26.641      678.156
      73.135        7.000       26.641      678.156
      74.137        7.000       26.641      678.156
      75.139        6.000       26.641      678.156
      76.139        6.000       26.641      678.156
      77.141        7.000       26.641      678.156
      78.144       28.900       26.641      678.297
      79.145        7.000       26.641      678.297
      80.147        7.000       26.641      678.297
      81.149        5.000       26.641      678.297
      82.150        7.000       26.641      678.297
      83.152        7.000       26.641      678.297
      84.155        6.000       26.641      678.297
      85.156        7.000       26.641      678.297
      86.157        7.000       26.641      678.297
      87.159        7.000       26.641      678.297
      88.161       28.000       26.641      678.297
      89.163        7.000       26.641      678.297
      90.165        7.000       26.641      678.297
      91.167        7.000       26.641      678.297
      92.169        8.000       26.641      678.297
      93.170        6.000       26.641      678.297
      94.172        7.000       26.641      678.297
      95.173        7.000       26.641      678.297
      96.175        6.000       26.641      678.297
      97.177        6.000       26.641      678.297
      98.179       26.900       26.641      678.297
      99.181        7.000       26.641      678.297
     100.182        7.000       26.641      678.297
     101.183        7.000       26.641      678.297
     102.185        6.000       26.641      678.297
     103.186        7.000       26.641      678.297
     104.189        8.000       26.641      678.297
     105.191        7.000       26.641      678.297
     106.192        6.000       26.641      678.297
     107.195        8.000       26.641      678.297
     108.197       24.000       26.641      678.297
     109.198        7.000       26.641      678.297
     110.201        7.000       26.641      678.297
     111.203        7.000       26.641      678.297
     112.204        8.000       26.641      678.297
     113.207        7.000       26.641      678.297
     114.209        7.000       26.641      678.297
     115.210        7.000       26.641      678.297
     116.213        8.000       26.641      678.297
     117.214        6.000       26.641      678.297
     118.216       27.000       26.641      678.297
     119.217        7.000       26.641      678.297
     120.219        7.000       26.641      678.297
     121.221        7.000       26.641      678.297
     122.223        7.000       26.641      678.297
     123.225        5.000       26.641      678.297
     124.227        6.000       26.641      678.297
     125.228        2.000       26.641      678.297
     126.229        3.000       26.641      678.297
     127.231        3.000       26.641      678.297
     128.232       24.000       26.641      678.297
     129.233        2.000       26.641      678.297
     130.235        4.000       26.641      678.297
     131.237        5.000       26.641      678.297
     132.239        5.000       26.641      678.297
     133.240        6.000       26.641      678.297
     134.242        5.000       26.641      678.297
     135.243        8.000       26.641      678.297
     136.244       29.000       26.641      678.297
     137.245        6.000       26.641      678.297
     138.247        6.000       26.641      678.297
     139.249        7.000       26.641      678.297
     140.251        7.000       26.641      678.297
     141.253        5.000       26.641      678.297
     142.255        5.000       26.641      678.297
     143.257        6.000       26.641      678.297
     144.259        4.000       26.641      678.297
     145.260        5.000       26.641      678.297
     146.261       27.000       26.641      678.297
     147.263        5.000       26.641      678.297
     148.264        4.000       26.641      678.297
     149.265        4.000       26.641      678.297
     150.267        3.000       26.641      678.297
     151.268        3.000       26.641      678.297
     152.269        3.000       26.641      678.297
     153.271        3.000       26.641      678.297
     154.272        5.000       26.641      678.297
     155.273        6.000       26.641      678.297
     156.275       26.900       26.641      678.297
     157.277        4.000       26.641      678.297
     158.279        6.000       26.641      678.297
     159.281        5.000       26.641      678.297
     160.283        4.000       26.641      678.297
     161.284        4.000       26.641      678.297
     162.285        4.000       26.641      678.297
     163.287        6.000       26.641      678.297
     164.288        7.000       26.641      678.297
     165.291        4.000       26.641      678.297
     166.293       25.900       26.641      678.297
     167.295        7.000       26.641      678.297
     168.297        7.000       26.641      678.297
     169.298        7.000       26.641      678.297
     170.300        6.000       26.641      678.297
     171.301        7.000       26.641      678.297
     172.303        7.000       26.641      678.297
     173.305        7.000       26.641      678.297
     174.307        6.000       26.641      678.297
     175.309        7.000       26.641      678.297
     176.311       25.900       26.641      678.297
     177.313        7.000       26.641      678.297
     178.315        8.000       26.641      678.297
     179.317        7.000       26.641      678.297
     180.319        6.000       26.641      678.297
     181.321        7.000       26.641      678.297
     182.324        6.000       26.641      678.297
     183.325        3.000       26.641      678.297
     184.326        3.000       26.641      678.297
     185.328       11.000       26.641      678.297
     186.330       26.000       26.641      678.297
     187.332        7.000       26.641      678.297
     188.333        6.000       26.641      678.297
     189.335        6.000       26.641      678.297
     190.337        7.000       26.641      678.297
     191.339        7.000       26.641      678.297
     192.341        6.000       26.641      678.297
     193.343        7.000       26.641      678.297
     194.345        4.000       26.641      678.297
     195.347       15.000       26.641      678.297
     196.348       21.000       26.641      678.297
     197.351        7.000       26.641      678.297
     198.353        5.000       26.641      678.297
     199.355        7.000       26.641      678.297
     200.357        5.000       26.641      678.297
     201.359        6.000       26.641      678.297
     202.361        7.000       26.641      678.297
     203.363        7.000       26.641      678.297
     204.365        7.000       26.641      678.297
     205.367       15.000       26.641      678.297
     206.368       20.000       26.641      678.297
     207.370        6.000       26.641      678.297
     208.373        7.000       26.641      678.297
     209.375        6.000       26.641      678.297
     210.377        6.000       26.641      678.297
     211.379        7.000       26.641      678.297
     212.381        7.000       26.641      678.297
     213.383        7.000       26.641      678.297
     214.385        7.000       26.641      678.297
     215.387       19.000       26.641      678.297
     216.389       17.000       26.641      678.297
     217.391        7.000       26.641      678.297
     218.393        6.000       26.641      678.297
     219.395        7.000       26.641      678.297
     220.397        4.000       26.641      686.301
     221.399        3.000       26.641      686.301
     222.402        4.000       26.641      686.301
     223.403        5.000       26.641      686.301
     224.406        4.000       26.641      686.301
     225.408        4.000       26.641      686.301
     226.409        4.000       26.641      686.301
     227.411        5.000       26.641      686.301
     228.413        4.000       26.641      686.301
     229.415        5.000       26.641      686.301
     230.417        4.000       26.641      686.301
     231.420        3.000       26.641      686.301
     232.421        3.000       26.641      686.301
     233.423        3.000       26.641      686.301
     234.425        4.000       26.641      686.301
