# Elapsed time   CPU (%)     Real (MB)   Virtual (MB)
       0.000        0.000       15.598      539.848
       1.001       10.000       15.598      539.848
       2.003        9.000       15.598      539.848
       3.005       11.000       15.598      539.848
       4.007       11.000       15.598      539.848
       5.009       10.000       15.598      539.848
       6.011       12.000       15.598      539.848
       7.013        9.000       15.598      539.848
       8.015        8.000       15.598      539.848
       9.017       12.000       15.598      539.848
      10.019        8.000       15.598      539.848
      11.020       11.000       18.883      670.324
      12.021       15.000       28.121      679.508
      13.023       14.000       28.121      679.508
      14.025       13.000       28.121      679.508
      15.027       14.000       28.121      679.508
      16.029       13.000       28.121      679.508
      17.030       14.000       28.121      679.508
      18.032       13.000       28.121      679.508
      19.035       12.000       28.121      679.508
      20.037       14.000       28.121      679.508
      21.039       12.000       28.121      679.508
      22.041       15.000       28.121      679.508
      23.043       12.000       28.121      679.508
      24.045       13.000       28.121      679.508
      25.047       15.000       28.121      679.508
      26.049       13.000       28.121      679.508
      27.051       15.000       28.121      679.508
      28.053       13.000       28.121      679.508
      29.055       41.900       28.375      679.762
      30.057       15.000       28.375      679.762
      31.058       13.000       28.375      679.762
      32.061       13.000       28.375      679.762
      33.062       14.000       28.375      679.762
      34.065       13.000       28.375      679.762
      35.067       13.000       28.375      679.762
      36.069       14.000       28.375      679.762
      37.071       13.000       28.375      679.762
      38.073       12.000       28.375      679.762
      39.075       15.000       28.375      679.762
      40.077       49.900       29.922      681.391
      41.079       13.000       29.922      681.391
      42.081       13.000       29.922      681.391
      43.083       13.000       29.922      681.391
      44.085       12.000       29.922      681.391
      45.087       13.000       29.922      681.391
      46.089       14.000       29.922      681.391
      47.091       13.000       29.922      681.391
      48.093       13.000       29.922      681.391
      49.095       14.000       29.922      681.391
      50.097       48.900       30.438      681.891
      51.099       14.000       30.438      681.891
      52.101       12.000       30.438      681.891
      53.103       13.000       30.438      681.891
      54.105       14.000       30.438      681.891
      55.106       12.000       30.438      681.891
      56.108       13.000       30.438      681.891
      57.111       14.000       30.438      681.891
      58.113       15.000       30.438      681.891
      59.115       14.000       30.438      681.891
      60.117       50.900       30.953      682.539
      61.118       14.000       30.953      682.539
      62.120       13.000       30.953      682.539
      63.121       13.000       30.953      682.539
      64.124       14.000       30.953      682.539
      65.127       13.000       30.953      682.539
      66.129       13.000       30.953      682.539
      67.131       13.000       30.953      682.539
      68.133       11.000       30.953      682.539
      69.135       14.000       30.953      682.539
      70.137       47.900       32.758      684.359
      71.139       12.000       32.758      684.359
      72.141       14.000       32.758      684.359
      73.143       13.000       32.758      684.359
      74.145       13.000       32.758      684.359
      75.148       14.000       32.758      684.359
      76.150       13.000       32.758      684.359
      77.152       53.900       32.758      684.359
      78.153       13.000       33.789      685.371
      79.154       13.000       33.789      685.371
      80.156       11.000       33.789      685.371
      81.158       15.000       33.789      685.371
      82.160       13.000       33.789      685.371
      83.162       11.000       33.789      685.371
      84.164       14.000       33.789      685.371
      85.166       57.900       34.047      685.512
      86.168       14.000       34.047      685.512
      87.170       14.000       34.047      685.512
      88.171       14.000       34.047      685.512
      89.174       13.000       34.047      685.512
      90.177       14.000       34.047      685.512
      91.179       14.000       34.047      685.512
      92.181       13.000       34.047      685.512
      93.183       14.000       34.047      685.512
      94.185       13.000       34.047      685.512
      95.187       49.900       34.562      685.996
      96.189       14.000       34.562      685.996
      97.191       12.000       34.562      685.996
      98.193       13.000       34.562      685.996
      99.195       13.000       34.562      685.996
     100.197       15.000       34.562      685.996
     101.199       14.000       34.562      685.996
     102.201       12.000       34.562      685.996
     103.203       15.000       34.562      685.996
     104.205       13.000       34.562      685.996
     105.207       47.900       34.562      686.168
     106.209       15.000       34.562      686.168
     107.210       12.000       34.562      686.168
     108.212       12.000       34.562      686.168
     109.215       13.000       34.562      686.168
     110.216       12.000       34.562      686.168
     111.218       15.000       34.562      686.168
     112.220       14.000       34.562      686.168
     113.222       14.000       34.562      686.168
     114.225       14.000       34.562      686.168
     115.227       44.900       34.820      686.406
     116.229       12.000       34.820      686.406
     117.230       14.000       34.820      686.406
     118.231       14.000       34.820      686.406
     119.233       11.000       34.820      686.406
     120.235       14.000       34.820      686.406
     121.237       13.000       34.820      686.406
     122.238       13.000       34.820      686.406
     123.240       14.000       34.820      686.406
     124.242       16.000       34.820      686.406
     125.244       45.900       35.078      686.547
     126.247       15.000       35.078      686.547
     127.248       12.000       35.078      686.547
     128.250       13.000       35.078      686.547
     129.252       13.000       35.078      686.547
     130.255       14.000       35.078      686.547
     131.257       13.000       35.078      686.547
     132.259       14.000       35.078      686.547
     133.261       13.000       35.078      686.547
     134.263       12.000       35.078      686.547
     135.265       49.900       35.852      687.309
     136.267       14.000       35.852      687.309
     137.269       13.000       35.852      687.309
     138.271       14.000       35.852      687.309
     139.273       13.000       35.852      687.309
     140.275       12.000       35.852      687.309
     141.277       13.000       35.852      687.309
     142.278       15.000       35.852      687.309
     143.280       55.900       36.367      687.727
     144.282       14.000       36.367      687.727
     145.284       13.000       36.367      687.727
     146.287       12.000       36.367      687.727
     147.289       15.000       36.367      687.727
     148.292       13.000       36.367      687.727
     149.293       13.000       36.367      687.727
     150.295       13.000       36.367      687.727
     151.297       14.000       36.367      687.727
     152.299       14.000       36.367      687.727
     153.301       52.900       36.367      687.867
     154.303       15.000       36.367      687.867
     155.305       14.000       36.367      687.867
     156.307       14.000       36.367      687.867
     157.309       13.000       36.367      687.867
     158.311       14.000       36.367      687.867
     159.313       14.000       36.367      687.867
     160.314       14.000       36.367      687.867
     161.317       13.000       36.367      687.867
     162.319       23.000       36.367      687.867
     163.320       37.900       36.883      688.254
     164.322       11.000       36.883      688.254
     165.324       13.000       36.883      688.254
     166.326       12.000       36.883      688.254
     167.328       12.000       36.883      688.254
     168.330       14.000       36.883      688.254
     169.332       13.000       36.883      688.254
     170.334       13.000       36.883      688.254
     171.336       14.000       36.883      688.254
     172.338       19.000       36.883      688.254
     173.339       39.900       36.883      688.395
     174.342       13.000       36.883      688.395
     175.344       12.000       36.883      688.395
     176.346       13.000       36.883      688.395
     177.348       14.000       36.883      688.395
     178.350       15.000       36.883      688.395
     179.352       14.000       36.883      688.395
     180.354       12.000       36.883      688.395
     181.356       14.000       36.883      688.395
     182.358       19.000       36.883      688.395
     183.359       41.900       36.418      687.645
     184.361       14.000       36.418      687.645
     185.363       13.000       36.418      687.645
     186.365       14.000       36.418      687.645
     187.367       13.000       36.418      687.645
     188.369       13.000       36.418      687.645
     189.371       13.000       36.418      687.645
     190.373       12.000       36.418      687.645
     191.375       13.000       36.418      687.645
     192.377       35.900       36.418      687.645
     193.378       39.900       36.930      688.332
     194.380       12.000       36.930      688.332
     195.382       14.000       36.930      688.332
     196.384       13.000       36.930      688.332
     197.386       13.000       36.930      688.332
     198.387       13.000       36.930      688.332
     199.389       13.000       36.930      688.332
     200.391       13.000       36.930      688.332
     201.393       15.000       36.930      688.332
     202.395       40.900       36.930      688.332
     203.396       30.900       36.930      688.473
     204.398       13.000       36.930      688.473
     205.400       13.000       36.930      688.473
     206.403       12.000       36.930      688.473
     207.405       15.000       36.930      688.473
     208.407       14.000       36.930      688.473
     209.409       15.000       36.930      688.473
     210.410       13.000       36.930      688.473
     211.413       15.000       36.930      688.473
     212.415       36.900       36.930      688.473
     213.416       26.000       36.930      688.473
     214.417       12.000       36.930      688.473
     215.419       13.000       36.930      688.473
     216.421       15.000       36.930      688.473
     217.423       13.000       36.930      688.473
     218.425       14.000       36.930      688.473
     219.427       13.000       36.930      688.473
     220.429       14.000       36.930      688.473
     221.431       11.000       36.930      688.473
     222.433       40.900       36.930      688.473
     223.434       26.000       36.930      688.473
     224.436       13.000       36.930      688.473
     225.438       14.000       36.930      688.473
     226.439       11.000       36.930      696.477
     227.441        8.000       36.930      696.477
     228.443       10.000       36.930      696.477
     229.445        7.000       36.930      696.477
     230.446        7.000       36.930      696.477
