# Elapsed time   CPU (%)     Real (MB)   Virtual (MB)
       0.000        0.000       15.625      539.848
       1.002       11.000       15.625      539.848
       2.004       10.000       15.625      539.848
       3.006       10.000       15.625      539.848
       4.008       12.000       15.625      539.848
       5.010       11.000       15.625      539.848
       6.012        6.000       15.625      539.848
       7.014       15.000       28.141      679.508
       8.016       13.000       28.141      679.508
       9.018       13.000       28.141      679.508
      10.020       14.000       28.141      679.508
      11.022       13.000       28.141      679.508
      12.024       14.000       28.141      679.508
      13.026       13.000       28.141      679.508
      14.028       14.000       28.141      679.508
      15.029       13.000       28.141      679.508
      16.030       14.000       28.141      679.508
      17.032       13.000       28.141      679.508
      18.034       11.000       28.141      679.508
      19.036       14.000       28.141      679.508
      20.038       11.000       28.141      679.508
      21.040       15.000       28.141      679.508
      22.042       15.000       28.141      679.508
      23.044       13.000       28.141      679.508
      24.046       15.000       28.141      679.508
      25.048       41.900       28.477      679.762
      26.050       14.000       28.477      679.762
      27.052       15.000       28.477      679.762
      28.054       14.000       28.477      679.762
      29.056       11.000       28.477      679.762
      30.058       14.000       28.477      679.762
      31.060       12.000       28.477      679.762
      32.062       13.000       28.477      679.762
      33.064       14.000       28.477      679.762
      34.066       13.000       28.477      679.762
      35.068       27.000       28.477      679.762
      36.070       34.900       30.023      681.391
      37.072       15.000       30.023      681.391
      38.074       12.000       30.023      681.391
      39.076       13.000       30.023      681.391
      40.078       13.000       30.023      681.391
      41.079        8.000       30.023      681.391
      42.081       11.000       30.023      681.391
      43.083       11.000       30.023      681.391
      44.085        8.000       30.023      681.391
      45.087       21.000       30.023      681.391
      46.088       37.900       30.539      681.891
      47.090        8.000       30.539      681.891
      48.092        9.000       30.539      681.891
      49.094       13.000       30.539      681.891
      50.095       11.000       30.539      681.891
      51.098       13.000       30.539      681.891
      52.100       11.000       30.539      681.891
      53.102        7.000       30.539      681.891
      54.103        6.000       30.539      681.891
      55.105       24.000       30.539      681.891
      56.106       35.000       31.312      682.574
      57.108        9.000       31.312      682.574
      58.109       10.000       31.312      682.574
      59.110        6.000       31.312      682.574
      60.112        9.000       31.312      682.574
      61.114        9.000       31.312      682.574
      62.115        6.000       31.312      682.574
      63.117        9.000       31.312      682.574
      64.119       14.000       31.312      682.574
      65.121       25.000       31.312      682.574
      66.122       31.000       32.859      684.324
      67.123       12.000       32.859      684.324
      68.125       11.000       32.859      684.324
      69.128       13.000       32.859      684.324
      70.130       13.000       32.859      684.324
      71.132       11.000       32.859      684.324
      72.134       12.000       32.859      684.324
      73.136        9.000       32.859      684.324
      74.138       12.000       32.859      684.324
      75.139       17.000       32.859      684.324
      76.141       44.900       33.891      685.352
      77.142        4.000       33.891      685.352
      78.143        5.000       33.891      685.352
      79.145        5.000       33.891      685.352
      80.146        5.000       33.891      685.352
      81.148        8.000       33.891      685.352
      82.150       10.000       33.891      685.352
      83.151        9.000       33.891      685.352
      84.153        8.000       33.891      685.352
      85.154        8.000       33.891      685.352
      86.155       55.900       34.148      685.492
      87.155        5.000       34.148      685.492
      88.157        4.000       34.148      685.492
      89.158        6.000       34.148      685.492
      90.159        7.000       34.148      685.492
      91.161        9.000       34.148      685.492
      92.163       12.000       34.148      685.492
      93.165        7.000       34.148      685.492
      94.166        5.000       34.148      685.492
      95.167       10.000       34.148      685.492
      96.169       36.900       34.664      686.141
      97.170        4.000       34.664      686.141
      98.171        4.000       34.664      686.141
      99.173        5.000       34.664      686.141
     100.174        5.000       34.664      686.141
     101.175        5.000       34.664      686.141
     102.177        5.000       34.664      686.141
     103.178        4.000       34.664      686.141
     104.179        4.000       34.664      686.141
     105.180       10.000       34.664      686.141
     106.181       38.900       34.922      686.281
     107.182        5.000       34.922      686.281
     108.183        5.000       34.922      686.281
     109.185        5.000       34.922      686.281
     110.186        5.000       34.922      686.281
     111.187        5.000       34.922      686.281
     112.189        4.000       34.922      686.281
     113.190        6.000       34.922      686.281
     114.191        4.000       34.922      686.281
     115.192        9.000       34.922      686.281
     116.194       47.900       34.922      686.422
     117.196        8.000       34.922      686.422
     118.197        6.000       34.922      686.422
     119.199        6.000       34.922      686.422
     120.201        5.000       34.922      686.422
     121.202        8.000       34.922      686.422
     122.203        7.000       34.922      686.422
     123.206       10.000       34.922      686.422
     124.208        9.000       34.922      686.422
     125.210        7.000       34.922      686.422
     126.211       46.900       34.875      686.000
     127.213       11.000       34.875      686.000
     128.215        7.000       34.875      686.000
     129.217        8.000       34.875      686.000
     130.218        9.000       34.875      686.000
     131.219        7.000       34.875      686.000
     132.221        6.000       34.875      686.000
     133.222        8.000       34.875      686.000
     134.224        8.000       34.875      686.000
     135.226       10.000       34.875      686.000
     136.227       45.900       36.160      687.488
     137.229       10.000       36.160      687.488
     138.231       11.000       36.160      687.488
     139.232        9.000       36.160      687.488
     140.234        8.000       36.160      687.488
     141.236        6.000       36.160      687.488
     142.237       10.000       36.160      687.488
     143.239       10.000       36.160      687.488
     144.239       11.000       36.160      687.488
     145.240       10.000       36.160      687.488
     146.242        8.000       36.160      687.488
     147.244        9.000       36.160      687.488
     148.246       39.900       36.160      687.488
     149.247       22.000       36.160      687.629
     150.249       10.000       36.160      687.629
     151.250       10.000       36.160      687.629
     152.252       10.000       36.160      687.629
     153.254       10.000       36.160      687.629
     154.256       11.000       36.160      687.629
     155.257        9.000       36.160      687.629
     156.258       10.000       36.160      687.629
     157.260       47.900       36.418      687.770
     158.261        8.000       36.418      687.770
     159.262        9.000       36.418      687.770
     160.263       10.000       36.418      687.770
     161.265        7.000       36.418      687.770
     162.266       10.000       36.418      687.770
     163.268       12.000       36.418      687.770
     164.270        8.000       36.418      687.770
     165.271        9.000       36.418      687.770
     166.273       12.000       36.418      687.770
     167.275       44.900       36.125      687.348
     168.277       12.000       36.125      687.348
     169.279        8.000       36.125      687.348
     170.281        8.000       36.125      687.348
     171.284        8.000       36.125      687.348
     172.286       10.000       36.125      687.348
     173.287        4.000       36.125      687.348
     174.289        7.000       36.125      687.348
     175.290        6.000       36.125      687.348
     176.292        8.000       36.125      687.348
     177.294       46.900       36.125      687.348
     178.296       12.000       36.125      687.348
     179.298        9.000       36.125      687.348
     180.299        8.000       36.125      687.348
     181.300        8.000       36.125      687.348
     182.302       12.000       36.125      687.348
     183.304       10.000       36.125      687.348
     184.306        8.000       36.125      687.348
     185.308        8.000       36.125      687.348
     186.310        9.000       36.125      687.348
     187.312       55.900       36.125      687.348
     188.314       10.000       36.125      687.348
     189.316        9.000       36.125      687.348
     190.318        8.000       36.125      687.348
     191.320        8.000       36.125      687.348
     192.321        9.000       36.125      687.348
     193.322       12.000       36.125      687.348
     194.324       11.000       36.125      687.348
     195.325        9.000       36.125      687.348
     196.327        9.000       36.125      687.348
     197.330       61.900       36.125      687.348
     198.332       11.000       36.125      687.348
     199.334        7.000       36.125      687.348
     200.335        8.000       36.125      687.348
     201.337       11.000       36.125      687.348
     202.338       10.000       36.125      687.348
     203.339        8.000       36.125      687.348
     204.341        9.000       36.125      687.348
     205.342       10.000       36.125      687.348
     206.344        6.000       36.125      687.348
     207.346       50.900       36.125      687.348
     208.348        9.000       36.125      687.348
     209.349       11.000       36.125      687.348
     210.350       10.000       36.125      687.348
     211.352       10.000       36.125      687.348
     212.354       10.000       36.125      687.348
     213.356       10.000       36.125      687.348
     214.358       10.000       36.125      687.348
     215.360        8.000       36.125      687.348
     216.362        9.000       36.125      687.348
     217.364       50.900       36.125      687.348
     218.366        9.000       36.125      687.348
     219.368       10.000       36.125      687.348
     220.370        8.000       36.125      687.348
     221.371        8.000       36.125      687.348
     222.373        7.000       36.125      695.352
     223.376        4.000       36.125      695.352
     224.378        5.000       36.125      695.352
     225.379        6.000       36.125      695.352
     226.381        4.000       36.125      695.352
     227.382        5.000       36.125      695.352
