# Elapsed time   CPU (%)     Real (MB)   Virtual (MB)
       0.000        0.000       15.547      539.848
       1.001        8.000       15.547      539.848
       2.002        9.000       15.547      539.848
       3.004       11.000       15.547      539.848
       4.007        5.000       15.547      603.848
       5.009       15.000       28.078      679.508
       6.011       13.000       28.078      679.508
       7.013       13.000       28.078      679.508
       8.015       13.000       28.078      679.508
       9.017       13.000       28.078      679.508
      10.019       13.000       28.078      679.508
      11.021       10.000       28.078      679.508
      12.022       12.000       28.078      679.508
      13.023       11.000       28.078      679.508
      14.025       12.000       28.078      679.508
      15.027       14.000       28.078      679.508
      16.029       12.000       28.078      679.508
      17.031        7.000       28.078      679.508
      18.033       13.000       28.078      679.508
      19.035       12.000       28.078      679.508
      20.037       10.000       28.078      679.508
      21.039       12.000       28.078      679.508
      22.041       10.000       28.078      679.508
      23.043       41.900       28.324      679.762
      24.045        9.000       28.324      679.762
      25.046       10.000       28.324      679.762
      26.048        9.000       28.324      679.762
      27.050       11.000       28.324      679.762
      28.053       13.000       28.324      679.762
      29.055        9.000       28.324      679.762
      30.057       13.000       28.324      679.762
      31.059       13.000       28.324      679.762
      32.060       10.000       28.324      679.762
      33.063       51.900       29.871      681.391
      34.064       10.000       29.871      681.391
      35.065       12.000       29.871      681.391
      36.067       10.000       29.871      681.391
      37.069       11.000       29.871      681.391
      38.071       11.000       29.871      681.391
      39.072       10.000       29.871      681.391
      40.074       11.000       29.871      681.391
      41.076       11.000       29.871      681.391
      42.077       10.000       29.871      681.391
      43.078       50.900       30.387      681.891
      44.079       10.000       30.387      681.891
      45.081       10.000       30.387      681.891
      46.082       10.000       30.387      681.891
      47.083        8.000       30.387      681.891
      48.085       11.000       30.387      681.891
      49.087       10.000       30.387      681.891
      50.089       10.000       30.387      681.891
      51.090       11.000       30.387      681.891
      52.092       11.000       30.387      681.891
      53.094       46.900       31.160      682.621
      54.096       12.000       31.160      682.621
      55.098       11.000       31.160      682.621
      56.099       10.000       31.160      682.621
      57.101       11.000       31.160      682.621
      58.103       12.000       31.160      682.621
      59.104        9.000       31.160      682.621
      60.105        9.000       31.160      682.621
      61.107       12.000       31.160      682.621
      62.109       10.000       31.160      682.621
      63.111       46.900       32.965      684.375
      64.112       11.000       32.965      684.375
      65.113       10.000       32.965      684.375
      66.115       12.000       32.965      684.375
      67.116       10.000       32.965      684.375
      68.118       10.000       32.965      684.375
      69.121        9.000       32.965      684.375
      70.122       12.000       32.965      684.375
      71.125       11.000       32.965      684.375
      72.126       12.000       32.965      684.375
      73.128       53.900       32.965      684.375
      74.129       13.000       33.738      685.367
      75.131       12.000       33.738      685.367
      76.132        9.000       33.738      685.367
      77.135       10.000       33.738      685.367
      78.136       10.000       33.738      685.367
      79.137       11.000       33.738      685.367
      80.139       11.000       33.738      685.367
      81.141       13.000       33.738      685.367
      82.142       12.000       33.738      685.367
      83.144       43.900       33.738      685.367
      84.145       22.000       33.996      685.508
      85.146        9.000       33.996      685.508
      86.148       11.000       33.996      685.508
      87.149        5.000       33.996      685.508
      88.151        9.000       33.996      685.508
      89.153       10.000       33.996      685.508
      90.154        7.000       33.996      685.508
      91.156       13.000       33.996      685.508
      92.157        7.000       33.996      685.508
      93.159       42.900       34.512      686.172
      94.160       11.000       34.512      686.172
      95.161       11.000       34.512      686.172
      96.162       11.000       34.512      686.172
      97.164        7.000       34.512      686.172
      98.165        9.000       34.512      686.172
      99.167       14.000       34.512      686.172
     100.168       12.000       34.512      686.172
     101.169       10.000       34.512      686.172
     102.170       13.000       34.512      686.172
     103.172       46.900       34.770      686.312
     104.173       12.000       34.770      686.312
     105.175       11.000       34.770      686.312
     106.177       11.000       34.770      686.312
     107.179       11.000       34.770      686.312
     108.181       11.000       34.770      686.312
     109.183       13.000       34.770      686.312
     110.185       12.000       34.770      686.312
     111.187       15.000       34.770      686.312
     112.189       12.000       34.770      686.312
     113.191       44.900       34.770      686.312
     114.192       16.000       35.027      686.453
     115.195       14.000       35.027      686.453
     116.197       13.000       35.027      686.453
     117.199       10.000       35.027      686.453
     118.200       11.000       35.027      686.453
     119.201       10.000       35.027      686.453
     120.203       10.000       35.027      686.453
     121.205       13.000       35.027      686.453
     122.207       10.000       35.027      686.453
     123.208       40.900       35.027      686.453
     124.209       19.000       34.789      686.066
     125.210        9.000       34.789      686.066
     126.212        8.000       34.789      686.066
     127.214        8.000       34.789      686.066
     128.216       10.000       34.789      686.066
     129.218        9.000       34.789      686.066
     130.221       12.000       34.789      686.066
     131.222       11.000       34.789      686.066
     132.224       12.000       34.789      686.066
     133.226       43.900       34.789      686.066
     134.227       11.000       36.074      687.570
     135.228       10.000       36.074      687.570
     136.229        5.000       36.074      687.570
     137.231        9.000       36.074      687.570
     138.233       10.000       36.074      687.570
     139.235        6.000       36.074      687.570
     140.236        8.000       36.074      687.570
     141.238       10.000       36.074      687.570
     142.240       10.000       36.074      687.570
     143.242        8.000       36.074      687.570
     144.244       10.000       36.074      687.570
     145.246       10.000       36.074      687.570
     146.248       55.900       36.074      687.570
     147.250        8.000       36.074      687.570
     148.252       11.000       36.074      687.570
     149.254       10.000       36.074      687.570
     150.256       11.000       36.074      687.570
     151.258       11.000       36.074      687.570
     152.260       11.000       36.074      687.570
     153.262       12.000       36.074      687.570
     154.264       11.000       36.074      687.570
     155.265       45.900       36.074      687.570
     156.267       13.000       36.074      687.570
     157.269       12.000       36.074      687.570
     158.271       11.000       36.074      687.570
     159.273       13.000       36.074      687.570
     160.275       13.000       36.074      687.570
     161.277       11.000       36.074      687.570
     162.279       12.000       36.074      687.570
     163.281       12.000       36.074      687.570
     164.283       12.000       36.074      687.570
     165.285       43.900       34.777      686.055
     166.287       13.000       34.777      686.055
     167.288       13.000       34.777      686.055
     168.290       12.000       34.777      686.055
     169.292       11.000       34.777      686.055
     170.294       10.000       34.777      686.055
     171.295       10.000       34.777      686.055
     172.297       10.000       34.777      686.055
     173.298       10.000       34.777      686.055
     174.300        9.000       34.777      686.055
     175.301       48.900       34.777      686.055
     176.302        9.000       34.777      686.055
     177.304       11.000       34.777      686.055
     178.305       10.000       34.777      686.055
     179.306        8.000       34.777      686.055
     180.308        9.000       34.777      686.055
     181.310       11.000       34.777      686.055
     182.312        9.000       34.777      686.055
     183.314       12.000       34.777      686.055
     184.314       10.000       34.777      686.055
     185.316       55.900       34.777      686.055
     186.318       11.000       34.777      686.055
     187.320       13.000       34.777      686.055
     188.321       11.000       34.777      686.055
     189.323       12.000       34.777      686.055
     190.325       11.000       34.777      686.055
     191.326       11.000       34.777      686.055
     192.328       12.000       34.777      686.055
     193.329       12.000       34.777      686.055
     194.330        7.000       34.777      686.055
     195.332       61.900       34.777      686.055
     196.334       11.000       34.777      686.055
     197.335        9.000       34.777      686.055
     198.337        9.000       34.777      686.055
     199.338        9.000       34.777      686.055
     200.340        9.000       34.777      686.055
     201.342       12.000       34.777      686.055
     202.344       12.000       34.777      686.055
     203.345        9.000       34.777      686.055
     204.347       13.000       34.777      686.055
     205.349       51.900       34.777      686.055
     206.350       11.000       34.777      686.055
     207.353       10.000       34.777      686.055
     208.354       12.000       34.777      686.055
     209.355       10.000       34.777      686.055
     210.357        4.000       34.777      686.055
     211.358        5.000       34.777      686.055
     212.360        5.000       34.777      686.055
     213.361        5.000       34.777      686.055
     214.363       13.000       34.777      686.055
     215.364       47.900       34.777      686.055
     216.366        9.000       34.777      686.055
     217.368       10.000       34.777      686.055
     218.369       11.000       34.777      686.055
     219.371       11.000       34.777      686.055
     220.372        8.000       34.777      694.059
     221.373        5.000       34.777      694.059
     222.375        9.000       34.777      694.059
