# Elapsed time   CPU (%)     Real (MB)   Virtual (MB)
       0.000        0.000       15.449      539.848
       1.002       11.000       15.449      539.848
       2.004        9.000       15.449      539.848
       3.005       11.000       15.449      539.848
       4.007        7.000       15.449      603.848
       5.008       15.000       27.965      679.508
       6.010       14.000       27.965      679.508
       7.013       13.000       27.965      679.508
       8.015       14.000       27.965      679.508
       9.016       12.000       27.965      679.508
      10.019       13.000       27.965      679.508
      11.020        9.000       27.965      679.508
      12.022       10.000       27.965      679.508
      13.023       11.000       27.965      679.508
      14.025        7.000       27.965      679.508
      15.026       10.000       27.965      679.508
      16.027       13.000       27.965      679.508
      17.029       39.900       28.281      679.762
      18.029       11.000       28.281      679.762
      19.031       11.000       28.281      679.762
      20.033       10.000       28.281      679.762
      21.035        8.000       28.281      679.762
      22.035        7.000       28.281      679.762
      23.037       36.900       28.281      679.910
      24.039        9.000       28.281      679.910
      25.041       10.000       28.281      679.910
      26.042        8.000       28.281      679.910
      27.043        5.000       28.281      679.910
      28.044       41.900       28.539      680.051
      29.046        8.000       28.539      680.051
      30.047        9.000       28.539      680.051
      31.049       13.000       28.539      680.051
      32.051       12.000       28.539      680.051
      33.052       45.000       28.539      680.051
      34.054       17.000       29.828      681.410
      35.055       11.000       29.828      681.410
      36.056       12.000       29.828      681.410
      37.058       10.000       29.828      681.410
      38.059       34.000       29.828      681.410
      39.060       26.000       30.344      681.910
      40.062        8.000       30.344      681.910
      41.063        5.000       30.344      681.910
      42.065        8.000       30.344      681.910
      43.065       31.000       30.344      681.910
      44.067       21.000       30.602      682.051
      45.069       10.000       30.602      682.051
      46.071        8.000       30.602      682.051
      47.073        5.000       30.602      682.051
      48.074       32.000       30.602      682.051
      49.075       24.000       30.602      682.051
      50.077       11.000       30.602      682.051
      51.078       10.000       30.602      682.051
      52.080       11.000       30.602      682.051
      53.082       33.000       30.602      682.051
      54.083       20.000       31.117      682.805
      55.084        6.000       31.117      682.805
      56.085        9.000       31.117      682.805
      57.087        9.000       31.117      682.805
      58.088       34.000       31.117      682.805
      59.090       19.000       31.891      683.340
      60.091        9.000       31.891      683.340
      61.093       13.000       31.891      683.340
      62.095       12.000       31.891      683.340
      63.097       30.900       31.891      683.340
      64.098       31.900       32.664      684.332
      65.100        9.000       32.664      684.332
      66.101       14.000       32.664      684.332
      67.103       10.000       32.664      684.332
      68.106       27.900       32.664      684.332
      69.107       29.000       32.664      684.332
      70.108        8.000       32.664      684.332
      71.110        9.000       32.664      684.332
      72.112       10.000       32.664      684.332
      73.114       22.000       32.664      684.332
      74.115       38.900       34.211      685.910
      75.117       10.000       34.211      685.910
      76.119       10.000       34.211      685.910
      77.120        8.000       34.211      685.910
      78.122       15.000       34.211      685.910
      79.123       52.900       34.469      686.051
      80.125       11.000       34.469      686.051
      81.127       11.000       34.469      686.051
      82.129       10.000       34.469      686.051
      83.131       10.000       34.469      686.051
      84.133       49.900       34.984      686.520
      85.135       11.000       34.984      686.520
      86.137        9.000       34.984      686.520
      87.139        9.000       34.984      686.520
      88.140       11.000       34.984      686.520
      89.141       42.000       34.984      686.664
      90.143       11.000       34.984      686.664
      91.145        9.000       34.984      686.664
      92.147       10.000       34.984      686.664
      93.149       11.000       34.984      686.664
      94.151       44.900       34.520      686.051
      95.153       12.000       34.520      686.051
      96.155       12.000       34.520      686.051
      97.157       12.000       34.520      686.051
      98.158        9.000       34.520      686.051
      99.160       44.900       34.520      686.051
     100.163       12.000       34.520      686.051
     101.165       11.000       34.520      686.051
     102.166        5.000       34.520      686.051
     103.168        8.000       34.520      686.051
     104.170       45.900       34.520      686.051
     105.171       10.000       34.520      686.051
     106.173        9.000       34.520      686.051
     107.175        9.000       34.520      686.051
     108.176        7.000       34.520      686.051
     109.178       48.900       34.520      686.051
     110.180       10.000       34.520      686.051
     111.182       10.000       34.520      686.051
     112.184        7.000       34.520      686.051
     113.186       10.000       34.520      686.051
     114.187       47.000       34.520      686.051
     115.189        6.000       34.520      686.051
     116.190        6.000       34.520      686.051
     117.191        8.000       34.520      686.051
     118.193       12.000       34.520      686.051
     119.195       48.900       34.520      686.051
     120.196        7.000       34.520      686.051
     121.198        8.000       34.520      686.051
     122.200       10.000       34.520      686.051
     123.202       10.000       34.520      686.051
     124.204       47.900       34.520      686.051
     125.206        7.000       34.520      686.051
     126.207        9.000       34.520      686.051
     127.208       12.000       34.520      686.051
     128.210       10.000       34.520      686.051
     129.212       44.900       34.520      686.051
     130.214        8.000       34.520      686.051
     131.215        9.000       34.520      686.051
     132.217       10.000       34.520      686.051
     133.218       10.000       34.520      686.051
     134.219       60.000       34.520      686.051
     135.220        8.000       34.520      686.051
     136.222        9.000       34.520      686.051
     137.224        6.000       34.520      686.051
     138.226       10.000       34.520      686.051
     139.227       57.900       34.520      686.051
     140.230        9.000       34.520      686.051
     141.231       10.000       34.520      686.051
     142.233       11.000       34.520      686.051
     143.235       11.000       34.520      686.051
     144.237       11.000       34.520      686.051
     145.239        9.000       34.520      686.051
     146.240       55.900       34.520      686.051
     147.242        9.000       34.520      686.051
     148.245       12.000       34.520      686.051
     149.247        9.000       34.520      686.051
     150.249       26.000       34.520      686.051
     151.250       30.900       34.520      686.051
     152.252       12.000       34.520      686.051
     153.254       12.000       34.520      686.051
     154.255       14.000       34.520      686.051
     155.257       37.900       34.520      686.051
     156.259       16.000       34.520      686.051
     157.260        8.000       34.520      686.051
     158.262       10.000       34.520      686.051
     159.264       12.000       34.520      686.051
     160.266       37.900       34.520      686.051
     161.267       10.000       35.293      686.730
     162.268        4.000       35.293      686.730
     163.269        8.000       35.293      686.730
     164.271       11.000       35.293      686.730
     165.272       27.000       35.293      686.730
     166.273       32.000       35.293      686.871
     167.275       10.000       35.293      686.871
     168.277       11.000       35.293      686.871
     169.279       12.000       35.293      686.871
     170.280       24.000       35.293      686.871
     171.282       36.900       35.809      687.418
     172.284       13.000       35.809      687.418
     173.286        9.000       35.809      687.418
     174.287       10.000       35.809      687.418
     175.288       19.000       35.809      687.418
     176.289       36.900       36.066      687.566
     177.292       13.000       36.066      687.566
     178.294       15.000       36.066      687.566
     179.295       12.000       36.066      687.566
     180.297       19.000       36.066      687.566
     181.299       46.900       36.582      688.031
     182.301       14.000       36.582      688.031
     183.303       12.000       36.582      688.031
     184.305       12.000       36.582      688.031
     185.307       10.000       36.582      688.031
     186.308       60.900       36.582      688.172
     187.310       10.000       36.582      688.172
     188.312       11.000       36.582      688.172
     189.314        6.000       36.582      688.172
     190.315        6.000       36.582      688.172
     191.316       55.900       36.582      688.172
     192.319       10.000       36.582      688.172
     193.321       12.000       36.582      688.172
     194.323       10.000       36.582      688.172
     195.324        8.000       36.582      688.172
     196.327       50.900       36.582      688.172
     197.329        8.000       36.582      688.172
     198.331        9.000       36.582      688.172
     199.332       10.000       36.582      688.172
     200.334        8.000       36.582      688.172
     201.335       51.000       36.582      688.172
     202.337       10.000       36.582      688.172
     203.339       10.000       36.582      688.172
     204.341       12.000       36.582      688.172
     205.343        8.000       36.582      688.172
     206.345       47.900       36.656      687.953
     207.347        9.000       36.656      687.953
     208.348       12.000       36.656      687.953
     209.349        9.000       36.656      687.953
     210.351       11.000       36.656      687.953
     211.353       44.900       36.656      687.953
     212.355        7.000       36.656      687.953
     213.356        7.000       36.656      687.953
     214.357        5.000       36.656      687.953
     215.358        7.000       36.656      687.953
     216.360       49.900       36.656      688.305
     217.362        9.000       36.656      688.305
     218.364       10.000       36.656      688.305
     219.366       11.000       36.656      688.305
     220.368        9.000       36.656      696.309
     221.370        6.000       36.656      696.309
     222.371        7.000       36.656      696.309
     223.372        5.000       36.656      696.309
     224.374        4.000       36.656      696.309
     225.376        8.000       36.656      696.309
     226.378        7.000       36.656      696.309
     227.381        9.000       36.656      696.309
     228.383       11.000       36.656      696.309
     229.385       10.000       36.656      696.309
     230.387        8.000       36.656      696.309
     231.389        5.000       36.656      696.309
     232.390       10.000       36.656      696.309
