# Elapsed time   CPU (%)     Real (MB)   Virtual (MB)
       0.000        0.000       15.441      539.848
       1.001        9.000       15.441      539.848
       2.004       10.000       15.441      539.848
       3.005       10.000       15.441      539.848
       4.007        8.000       15.441      539.848
       5.009        9.000       25.695      677.441
       6.009       13.000       27.957      679.508
       7.012       11.000       27.957      679.508
       8.014       12.000       27.957      679.508
       9.015       11.000       27.957      679.508
      10.016       12.000       27.957      679.508
      11.017       11.000       27.957      679.508
      12.019        5.000       27.957      679.508
      13.020        7.000       27.957      679.508
      14.021        9.000       27.957      679.508
      15.023        9.000       27.957      679.508
      16.025        9.000       27.957      679.508
      17.028        7.000       27.957      679.508
      18.029       11.000       27.957      679.508
      19.030        8.000       27.957      679.508
      20.032        8.000       27.957      679.508
      21.034       38.900       28.297      679.762
      22.036        5.000       28.297      679.762
      23.037        9.000       28.297      679.762
      24.039        9.000       28.297      679.762
      25.040       11.000       28.297      679.762
      26.041        5.000       28.297      679.762
      27.043        9.000       28.297      679.762
      28.045       41.900       28.812      680.406
      29.046       11.000       28.812      680.406
      30.049        6.000       28.812      680.406
      31.049        7.000       28.812      680.406
      32.051       10.000       28.812      680.406
      33.053       11.000       28.812      680.406
      34.054       12.000       28.812      680.406
      35.055       49.900       29.844      681.398
      36.056       10.000       29.844      681.398
      37.057        9.000       29.844      681.398
      38.059        6.000       29.844      681.398
      39.060       10.000       29.844      681.398
      40.061        9.000       29.844      681.398
      41.063       10.000       29.844      681.398
      42.065       52.900       30.359      681.898
      43.067       10.000       30.359      681.898
      44.069       10.000       30.359      681.898
      45.071        9.000       30.359      681.898
      46.073       12.000       30.359      681.898
      47.075        9.000       30.359      681.898
      48.077       13.000       30.359      681.898
      49.079       44.900       31.133      682.699
      50.081        7.000       31.133      682.699
      51.082        9.000       31.133      682.699
      52.084       11.000       31.133      682.699
      53.086       10.000       31.133      682.699
      54.088       11.000       31.133      682.699
      55.089       11.000       31.133      682.699
      56.091       47.900       31.906      683.359
      57.093        9.000       31.906      683.359
      58.095       10.000       31.906      683.359
      59.097        9.000       31.906      683.359
      60.099        9.000       31.906      683.359
      61.101        9.000       31.906      683.359
      62.103        8.000       31.906      683.359
      63.104       41.900       32.422      684.062
      64.105        8.000       32.422      684.062
      65.107        9.000       32.422      684.062
      66.109       12.000       32.422      684.062
      67.112        9.000       32.422      684.062
      68.113        9.000       32.422      684.062
      69.115        6.000       32.422      684.062
      70.117       54.900       33.711      685.320
      71.119       10.000       33.711      685.320
      72.121        9.000       33.711      685.320
      73.121        7.000       33.711      685.320
      74.123        8.000       33.711      685.320
      75.124        5.000       33.711      685.320
      76.125        7.000       33.711      685.320
      77.127       58.900       33.969      685.461
      78.128        5.000       33.969      685.461
      79.129        7.000       33.969      685.461
      80.131        6.000       33.969      685.461
      81.133        6.000       33.969      685.461
      82.133        8.000       33.969      685.461
      83.135        7.000       33.969      685.461
      84.136       48.900       33.969      685.461
      85.137       13.000       34.484      685.945
      86.140       10.000       34.484      685.945
      87.141        7.000       34.484      685.945
      88.143       12.000       34.484      685.945
      89.145       11.000       34.484      685.945
      90.147       12.000       34.484      685.945
      91.149       42.900       34.484      686.086
      92.151       10.000       34.484      686.086
      93.153       11.000       34.484      686.086
      94.155       10.000       34.484      686.086
      95.157       11.000       34.484      686.086
      96.159       12.000       34.484      686.086
      97.161       12.000       34.484      686.086
      98.163       44.900       34.742      686.406
      99.165       12.000       34.742      686.406
     100.166       13.000       34.742      686.406
     101.168       10.000       34.742      686.406
     102.171       13.000       34.742      686.406
     103.173       12.000       34.742      686.406
     104.175       13.000       34.742      686.406
     105.177       44.900       35.000      686.547
     106.179       12.000       35.000      686.547
     107.180       12.000       35.000      686.547
     108.181       10.000       35.000      686.547
     109.184       12.000       35.000      686.547
     110.185       10.000       35.000      686.547
     111.186       12.000       35.000      686.547
     112.188       41.900       35.000      686.547
     113.189       13.000       34.965      686.266
     114.191       13.000       34.965      686.266
     115.193       11.000       34.965      686.266
     116.195       12.000       34.965      686.266
     117.197       12.000       34.965      686.266
     118.199       12.000       34.965      686.266
     119.201       34.900       34.965      686.266
     120.203       29.900       34.965      686.449
     121.204       12.000       34.965      686.449
     122.205       11.000       34.965      686.449
     123.207       12.000       34.965      686.449
     124.208       13.000       34.965      686.449
     125.210       10.000       34.965      686.449
     126.211       38.000       34.965      686.449
     127.212       24.000       34.965      686.590
     128.214       10.000       34.965      686.590
     129.216       12.000       34.965      686.590
     130.217       13.000       34.965      686.590
     131.219       11.000       34.965      686.590
     132.221       12.000       34.965      686.590
     133.222       33.900       34.965      686.590
     134.224       27.000       36.250      687.777
     135.225       12.000       36.250      687.777
     136.227       12.000       36.250      687.777
     137.229        8.000       36.250      687.777
     138.230       13.000       36.250      687.777
     139.232       11.000       36.250      687.777
     140.234       23.000       36.250      687.777
     141.235       43.900       36.250      687.918
     142.237       11.000       36.250      687.918
     143.239       10.000       36.250      687.918
     144.241       12.000       36.250      687.918
     145.242       14.000       36.250      687.918
     146.245       11.000       36.250      687.918
     147.247       13.000       36.250      687.918
     148.249       13.000       36.250      687.918
     149.251       50.900       36.336      687.637
     150.253       13.000       36.336      687.637
     151.255       11.000       36.336      687.637
     152.256       12.000       36.336      687.637
     153.257       12.000       36.336      687.637
     154.260       11.000       36.336      687.637
     155.261       10.000       36.336      687.637
     156.262       43.000       36.336      687.891
     157.264       11.000       36.336      687.891
     158.265        8.000       36.336      687.891
     159.267       12.000       36.336      687.891
     160.269       11.000       36.336      687.891
     161.269       10.000       36.336      687.891
     162.271       11.000       36.336      687.891
     163.273       42.900       36.590      688.031
     164.275       10.000       36.590      688.031
     165.277       11.000       36.590      688.031
     166.279       12.000       36.590      688.031
     167.281       11.000       36.590      688.031
     168.283        9.000       36.590      688.031
     169.285       10.000       36.590      688.031
     170.285       46.000       36.402      687.703
     171.288       13.000       36.402      687.703
     172.289        8.000       36.402      687.703
     173.291       10.000       36.402      687.703
     174.293       12.000       36.402      687.703
     175.295       10.000       36.402      687.703
     176.296       12.000       36.402      687.703
     177.298       44.900       36.914      688.344
     178.300       11.000       36.914      688.344
     179.303       12.000       36.914      688.344
     180.305       11.000       36.914      688.344
     181.307       11.000       36.914      688.344
     182.309       11.000       36.914      688.344
     183.312       13.000       36.914      688.344
     184.313       55.900       36.914      688.484
     185.316       11.000       36.914      688.484
     186.318       14.000       36.914      688.484
     187.320       12.000       36.914      688.484
     188.321       11.000       36.914      688.484
     189.324       12.000       36.914      688.484
     190.325       12.000       36.914      688.484
     191.328       59.900       36.391      687.691
     192.329       11.000       36.391      687.691
     193.332       12.000       36.391      687.691
     194.333       11.000       36.391      687.691
     195.336       11.000       36.391      687.691
     196.337       12.000       36.391      687.691
     197.339       11.000       36.391      687.691
     198.341       52.900       36.902      688.371
     199.343       12.000       36.902      688.371
     200.345       10.000       36.902      688.371
     201.346       12.000       36.902      688.371
     202.349        9.000       36.902      688.371
     203.351       12.000       36.902      688.371
     204.353       11.000       36.902      688.371
     205.353       49.000       36.902      688.512
     206.356       12.000       36.902      688.512
     207.357       12.000       36.902      688.512
     208.360       12.000       36.902      688.512
     209.361       11.000       36.902      688.512
     210.363       11.000       36.902      688.512
     211.365       12.000       36.902      688.512
     212.368       51.900       36.391      687.691
     213.369       11.000       36.391      687.691
     214.372       12.000       36.391      687.691
     215.373       11.000       36.391      687.691
     216.375       12.000       36.391      687.691
     217.377       10.000       36.391      687.691
     218.380       10.000       36.391      687.691
     219.381       47.900       36.902      688.395
     220.384       10.000       36.902      696.398
     221.385        7.000       36.902      696.398
     222.388       10.000       36.902      696.398
     223.389        6.000       36.902      696.398
     224.391        7.000       36.902      696.398
     225.393        6.000       36.902      696.398
     226.395        5.000       36.902      696.398
     227.396        5.000       36.902      696.398
     228.397        9.000       36.902      696.398
