# Elapsed time   CPU (%)     Real (MB)   Virtual (MB)
       0.000        0.000       15.672      603.848
       1.002        4.000       15.672      603.848
       2.003        3.000       15.672      603.848
       3.004        7.000       23.578      675.125
       4.006        7.000       23.578      675.125
       5.007        7.000       23.578      675.125
       6.009        8.000       23.578      675.125
       7.012        7.000       23.578      675.125
       8.013        7.000       23.578      675.125
       9.015        7.000       23.578      675.125
      10.017        7.000       23.578      675.125
      11.018        8.000       23.578      675.125
      12.020        8.000       23.578      675.125
      13.022        7.000       23.578      675.125
      14.023        7.000       23.578      675.125
      15.025        6.000       23.578      675.125
      16.028        5.000       23.578      675.125
      17.029        7.000       23.578      675.125
      18.031        5.000       23.578      675.125
      19.034        6.000       23.578      675.125
      20.035        7.000       23.578      675.125
      21.038        7.000       23.578      675.125
      22.040        5.000       23.578      675.125
      23.042        6.000       23.578      675.125
      24.044        7.000       23.578      675.125
      25.046       22.000       24.719      676.023
      26.047        7.000       24.719      676.023
      27.050        7.000       24.719      676.023
      28.052        6.000       24.719      676.023
      29.053        7.000       24.719      676.023
      30.056        7.000       24.719      676.023
      31.058        7.000       24.719      676.023
      32.059        7.000       24.719      676.023
      33.062        8.000       24.719      676.023
      34.064        6.000       24.719      676.023
      35.066       28.900       24.977      676.418
      36.068        7.000       24.977      676.418
      37.070        7.000       24.977      676.418
      38.071        7.000       24.977      676.418
      39.074        7.000       24.977      676.418
      40.076        7.000       24.977      676.418
      41.077        6.000       24.977      676.418
      42.079        7.000       24.977      676.418
      43.081        7.000       24.977      676.418
      44.082        7.000       24.977      676.418
      45.085        7.000       24.977      676.418
      46.086        7.000       24.977      676.418
      47.087        7.000       24.977      676.418
      48.089       24.000       25.234      676.754
      49.091        7.000       25.234      676.754
      50.093        7.000       25.234      676.754
      51.095        7.000       25.234      676.754
      52.097        8.000       25.234      676.754
      53.098        6.000       25.234      676.754
      54.100        7.000       25.234      676.754
      55.101        6.000       25.234      676.754
      56.103        8.000       25.234      676.754
      57.105        6.000       25.234      676.754
      58.108        5.000       25.234      676.754
      59.109        7.000       25.234      676.754
      60.111        6.000       25.234      676.754
      61.113       23.000       25.090      676.484
      62.114        6.000       25.090      676.484
      63.115        7.000       25.090      676.484
      64.117        6.000       25.090      676.484
      65.119        7.000       25.090      676.484
      66.121        7.000       25.090      676.484
      67.123        6.000       25.090      676.484
      68.125        6.000       25.090      676.484
      69.127        8.000       25.090      676.484
      70.130        6.000       25.090      676.484
      71.132        7.000       25.090      676.484
      72.134       31.900       25.863      677.262
      73.135        6.000       25.863      677.262
      74.137        7.000       25.863      677.262
      75.139        8.000       25.863      677.262
      76.141        6.000       25.863      677.262
      77.143        8.000       25.863      677.262
      78.145        7.000       25.863      677.262
      79.147        7.000       25.863      677.262
      80.149        8.000       25.863      677.262
      81.151        6.000       25.863      677.262
      82.154       27.900       25.863      677.262
      83.156        8.000       25.863      677.262
      84.158        7.000       25.863      677.262
      85.160        6.000       25.863      677.262
      86.162        8.000       25.863      677.262
      87.163        7.000       25.863      677.262
      88.165        7.000       25.863      677.262
      89.167        7.000       25.863      677.262
      90.169        7.000       25.863      677.262
      91.172        7.000       25.863      677.262
      92.174        7.000       25.863      677.262
      93.176        7.000       25.863      677.262
      94.178        7.000       25.863      677.262
      95.180       23.900       25.863      677.262
      96.182        7.000       25.863      677.262
      97.184        7.000       25.863      677.262
      98.186        7.000       25.863      677.262
      99.188        8.000       25.863      677.262
     100.190        6.000       25.863      677.262
     101.192        7.000       25.863      677.262
     102.194        8.000       25.863      677.262
     103.196        7.000       25.863      677.262
     104.198        7.000       25.863      677.262
     105.200        7.000       25.863      677.262
     106.202        6.000       25.863      677.262
     107.204        8.000       25.863      677.262
     108.206       24.900       25.863      677.262
     109.209        6.000       25.863      677.262
     110.213        8.000       25.863      677.262
     111.214        7.000       25.863      677.262
     112.216        7.000       25.863      677.262
     113.217        7.000       25.863      677.262
     114.220        8.000       25.863      677.262
     115.222        6.000       25.863      677.262
     116.224        7.000       25.863      677.262
     117.226        7.000       25.863      677.262
     118.228        7.000       25.863      677.262
     119.230        7.000       25.863      677.262
     120.232        7.000       25.863      677.262
     121.234       24.900       25.863      677.262
     122.236        7.000       25.863      677.262
     123.238        5.000       25.863      677.262
     124.241        6.000       25.863      677.262
     125.242        7.000       25.863      677.262
     126.244        7.000       25.863      677.262
     127.246        5.000       25.863      677.262
     128.248        6.000       25.863      677.262
     129.249        7.000       25.863      677.262
     130.251        6.000       25.863      677.262
     131.254        8.000       25.863      677.262
     132.255        6.000       25.863      677.262
     133.258        7.000       25.863      677.262
     134.260       28.900       26.121      677.680
     135.262        8.000       26.121      677.680
     136.264        7.000       26.121      677.680
     137.266        7.000       26.121      677.680
     138.268        7.000       26.121      677.680
     139.270        7.000       26.121      677.680
     140.272        7.000       26.121      677.680
     141.273        6.000       26.121      677.680
     142.276        5.000       26.121      677.680
     143.278        6.000       26.121      677.680
     144.280        6.000       26.121      677.680
     145.282        7.000       26.121      677.680
     146.284        7.000       26.121      677.680
     147.286       30.900       26.637      678.129
     148.288        7.000       26.637      678.129
     149.290        8.000       26.637      678.129
     150.292        6.000       26.637      678.129
     151.294        7.000       26.637      678.129
     152.296        7.000       26.637      678.129
     153.298        8.000       26.637      678.129
     154.300        6.000       26.637      678.129
     155.302        7.000       26.637      678.129
     156.304        7.000       26.637      678.129
     157.306        7.000       26.637      678.129
     158.308        7.000       26.637      678.129
     159.310        6.000       26.637      678.129
     160.312       23.900       25.758      677.121
     161.314        8.000       25.758      677.121
     162.316        7.000       25.758      677.121
     163.318        6.000       25.758      677.121
     164.321        8.000       25.758      677.121
     165.323        7.000       25.758      677.121
     166.325        7.000       25.758      677.121
     167.327        7.000       25.758      677.121
     168.329        9.000       25.758      677.121
     169.331        6.000       25.758      677.121
     170.333        8.000       25.758      677.121
     171.334        8.000       25.758      677.121
     172.336        6.000       25.758      677.121
     173.338       25.000       26.016      677.406
     174.340        8.000       26.016      677.406
     175.342        7.000       26.016      677.406
     176.343        7.000       26.016      677.406
     177.345        7.000       26.016      677.406
     178.347        7.000       26.016      677.406
     179.350        7.000       26.016      677.406
     180.352        7.000       26.016      677.406
     181.354        6.000       26.016      677.406
     182.356        7.000       26.016      677.406
     183.358        7.000       26.016      677.406
     184.360        6.000       26.016      677.406
     185.362        6.000       26.016      677.406
     186.364       32.900       25.949      677.121
     187.366        6.000       25.949      677.121
     188.368        7.000       25.949      677.121
     189.370        8.000       25.949      677.121
     190.372        4.000       25.949      677.121
     191.374        3.000       25.949      677.121
     192.375        3.000       25.949      677.121
     193.377        3.000       25.949      677.121
     194.378        2.000       25.949      677.121
     195.379        3.000       25.949      677.121
     196.381        3.000       25.949      677.121
     197.382        2.000       25.949      677.121
     198.383        5.000       25.949      677.121
     199.385       30.000       25.949      677.289
     200.386        1.000       25.949      677.289
     201.387        3.000       25.949      677.289
     202.389        3.000       25.949      677.289
     203.390        2.000       25.949      677.289
     204.391        3.000       25.949      677.289
     205.392        2.000       25.949      677.289
     206.394        2.000       25.949      677.289
     207.395        6.000       25.949      677.289
     208.397        7.000       25.949      677.289
     209.399        6.000       25.949      677.289
     210.402        7.000       25.949      677.289
     211.404        7.000       25.949      677.289
     212.406       28.900       26.203      677.754
     213.408        7.000       26.203      677.754
     214.410        6.000       26.203      677.754
     215.412        7.000       26.203      677.754
     216.414        7.000       26.203      677.754
     217.416        6.000       26.203      677.754
     218.418        7.000       26.203      685.758
     219.420        4.000       26.203      685.758
     220.422        4.000       26.203      685.758
     221.424        3.000       26.203      685.758
