# Elapsed time   CPU (%)     Real (MB)   Virtual (MB)
       0.000        0.000       15.457      603.848
       1.002        4.000       15.457      603.848
       2.004        5.000       15.457      603.848
       3.006        4.000       15.457      603.848
       4.007        3.000       15.457      603.848
       5.009        8.000       32.484      684.020
       6.011        7.000       32.484      684.020
       7.012        8.000       32.484      684.020
       8.014        8.000       32.484      684.020
       9.015        7.000       32.484      684.020
      10.017        5.000       32.484      684.020
      11.019        8.000       32.484      684.020
      12.021        6.000       32.484      684.020
      13.022        6.000       32.484      684.020
      14.025        5.000       32.484      684.020
      15.026        5.000       32.484      684.020
      16.027        4.000       32.484      684.020
      17.029        5.000       32.484      684.020
      18.030        5.000       32.484      684.020
      19.032        3.000       32.484      684.020
      20.033        3.000       32.484      684.020
      21.035        3.000       32.484      684.020
      22.036        5.000       32.484      684.020
      23.038        5.000       32.484      684.020
      24.040        4.000       32.484      684.020
      25.042        5.000       32.484      684.020
      26.043       51.000       32.484      684.020
      27.044       14.000       34.812      686.461
      28.046        5.000       34.812      686.461
      29.047        7.000       34.812      686.461
      30.049        5.000       34.812      686.461
      31.050        6.000       34.812      686.461
      32.052        7.000       34.812      686.461
      33.054        7.000       34.812      686.461
      34.055        7.000       34.812      686.461
      35.057        7.000       34.812      686.461
      36.059        8.000       34.812      686.461
      37.061       71.800       35.844      687.348
      38.064        7.000       35.844      687.348
      39.067        6.000       35.844      687.348
      40.068        7.000       35.844      687.348
      41.072        7.000       35.844      687.348
      42.074        6.000       35.844      687.348
      43.075        6.000       35.844      687.348
      44.077        8.000       35.844      687.348
      45.079        6.000       35.844      687.348
      46.080        6.000       35.844      687.348
      47.082        7.000       35.844      687.348
      48.084        5.000       35.844      687.348
      49.085        6.000       35.844      687.348
      50.087       53.900       36.617      688.230
      51.087        3.000       36.617      688.230
      52.089        2.000       36.617      688.230
      53.090        3.000       36.617      688.230
      54.091        4.000       36.617      688.230
      55.091        5.000       36.617      688.230
      56.094        6.000       36.617      688.230
      57.096        6.000       36.617      688.230
      58.097        5.000       36.617      688.230
      59.099        6.000       36.617      688.230
      60.101        7.000       36.617      688.230
      61.102        7.000       36.617      688.230
      62.105       14.000       36.617      688.230
      63.106       43.900       38.938      690.406
      64.108        6.000       38.938      690.406
      65.110        7.000       38.938      690.406
      66.112        6.000       38.938      690.406
      67.113        7.000       38.938      690.406
      68.115        8.000       38.938      690.406
      69.116        6.000       38.938      690.406
      70.118        8.000       38.938      690.406
      71.120        6.000       38.938      690.406
      72.122        6.000       38.938      690.406
      73.124       47.900       38.938      690.406
      74.125       39.900       41.000      692.570
      75.128        6.000       41.000      692.570
      76.129        7.000       41.000      692.570
      77.131        8.000       41.000      692.570
      78.133        7.000       41.000      692.570
      79.135        7.000       41.000      692.570
      80.138        7.000       41.000      692.570
      81.140        7.000       41.000      692.570
      82.142        8.000       41.000      692.570
      83.143        7.000       41.000      692.570
      84.145       70.800       42.031      693.664
      85.147        8.000       42.031      693.664
      86.149        7.000       42.031      693.664
      87.151        7.000       42.031      693.664
      88.153        8.000       42.031      693.664
      89.155        7.000       42.031      693.664
      90.157        7.000       42.031      693.664
      91.159        7.000       42.031      693.664
      92.161        8.000       42.031      693.664
      93.163        7.000       42.031      693.664
      94.165        7.000       42.031      693.664
      95.167        7.000       42.031      693.664
      96.168        8.000       42.031      693.664
      97.170       59.900       42.289      693.871
      98.173        7.000       42.289      693.871
      99.175        7.000       42.289      693.871
     100.177        8.000       42.289      693.871
     101.179        7.000       42.289      693.871
     102.182        7.000       42.289      693.871
     103.184        7.000       42.289      693.871
     104.187        8.000       42.289      693.871
     105.189        7.000       42.289      693.871
     106.191        7.000       42.289      693.871
     107.193        7.000       42.289      693.871
     108.195        7.000       42.289      693.871
     109.197        7.000       42.289      693.871
     110.199       55.900       42.547      694.012
     111.201        7.000       42.547      694.012
     112.203        7.000       42.547      694.012
     113.205        7.000       42.547      694.012
     114.207        6.000       42.547      694.012
     115.209        8.000       42.547      694.012
     116.211        7.000       42.547      694.012
     117.213        6.000       42.547      694.012
     118.214        3.000       42.547      694.012
     119.215        3.000       42.547      694.012
     120.217        6.000       42.547      694.012
     121.219        8.000       42.547      694.012
     122.221        7.000       42.547      694.012
     123.223       59.900       42.211      693.543
     124.225        7.000       42.211      693.543
     125.227        7.000       42.211      693.543
     126.229        6.000       42.211      693.543
     127.231        7.000       42.211      693.543
     128.234        7.000       42.211      693.543
     129.236        6.000       42.211      693.543
     130.238        7.000       42.211      693.543
     131.240        7.000       42.211      693.543
     132.242        7.000       42.211      693.543
     133.245        7.000       42.211      693.543
     134.247        7.000       42.211      693.543
     135.249        7.000       42.211      693.543
     136.251       69.900       43.754      695.395
     137.253        7.000       43.754      695.395
     138.255        6.000       43.754      695.395
     139.257        8.000       43.754      695.395
     140.260        8.000       43.754      695.395
     141.262        6.000       43.754      695.395
     142.264        7.000       43.754      695.395
     143.266        6.000       43.754      695.395
     144.269        5.000       43.754      695.395
     145.271        6.000       43.754      695.395
     146.273        7.000       43.754      695.395
     147.275        7.000       43.754      695.395
     148.277       22.000       43.754      695.395
     149.278       51.900       44.012      695.602
     150.280        7.000       44.012      695.602
     151.282        8.000       44.012      695.602
     152.285        6.000       44.012      695.602
     153.287        7.000       44.012      695.602
     154.289        8.000       44.012      695.602
     155.291        6.000       44.012      695.602
     156.293        5.000       44.012      695.602
     157.295        8.000       44.012      695.602
     158.297        6.000       44.012      695.602
     159.299        6.000       44.012      695.602
     160.301        8.000       44.012      695.602
     161.303       27.000       44.012      695.602
     162.304       35.900       43.801      695.254
     163.306        7.000       43.801      695.254
     164.309        8.000       43.801      695.254
     165.311        6.000       43.801      695.254
     166.313        8.000       43.801      695.254
     167.315        7.000       43.801      695.254
     168.317        6.000       43.801      695.254
     169.319        7.000       43.801      695.254
     170.320        7.000       43.801      695.254
     171.322        7.000       43.801      695.254
     172.325        7.000       43.801      695.254
     173.327        6.000       43.801      695.254
     174.329       26.000       43.801      695.254
     175.330       34.900       43.801      695.254
     176.333        8.000       43.801      695.254
     177.335        6.000       43.801      695.254
     178.337        7.000       43.801      695.254
     179.339        8.000       43.801      695.254
     180.341        7.000       43.801      695.254
     181.343        6.000       43.801      695.254
     182.346        7.000       43.801      695.254
     183.348        6.000       43.801      695.254
     184.349        6.000       43.801      695.254
     185.351        8.000       43.801      695.254
     186.352        6.000       43.801      695.254
     187.354       23.000       43.801      695.254
     188.355       62.900       43.801      695.254
     189.357        7.000       43.801      695.254
     190.359        7.000       43.801      695.254
     191.361        7.000       43.801      695.254
     192.363        7.000       43.801      695.254
     193.365        7.000       43.801      695.254
     194.367        7.000       43.801      695.254
     195.369        8.000       43.801      695.254
     196.371        7.000       43.801      695.254
     197.373        7.000       43.801      695.254
     198.375        7.000       43.801      695.254
     199.377        7.000       43.801      695.254
     200.379       25.000       43.801      695.254
     201.380       51.900       43.801      695.254
     202.381        6.000       43.801      695.254
     203.383        8.000       43.801      695.254
     204.386        7.000       43.801      695.254
     205.388        7.000       43.801      695.254
     206.390        7.000       43.801      695.254
     207.393        8.000       43.801      695.254
     208.395        6.000       43.801      695.254
     209.397        7.000       43.801      695.254
     210.399        7.000       43.801      695.254
     211.401        6.000       43.801      695.254
     212.403        8.000       43.801      695.254
     213.405       29.900       43.801      695.254
     214.406       44.900       43.801      695.254
     215.408        7.000       43.801      695.254
     216.411        6.000       43.801      695.254
     217.413        8.000       43.801      695.254
     218.415        6.000       43.801      695.254
     219.417        7.000       43.801      695.254
     220.419        5.000       43.801      703.258
     221.421        4.000       43.801      703.258
     222.423        3.000       43.801      703.258
     223.425        5.000       43.801      703.258
     224.427        5.000       43.801      703.258
     225.429        3.000       43.801      703.258
     226.431        4.000       43.801      703.258
