# Elapsed time   CPU (%)     Real (MB)   Virtual (MB)
       0.000        0.000       15.574      539.848
       1.002        8.000       15.574      539.848
       2.004       10.000       15.574      539.848
       3.006        8.000       15.574      539.848
       4.008        8.000       15.574      539.848
       5.011        8.000       15.574      539.848
       6.013        7.000       15.574      539.848
       7.014        8.000       15.574      603.848
       8.016       14.000       23.703      675.129
       9.017       11.000       23.703      675.129
      10.019       12.000       23.703      675.129
      11.021       11.000       23.703      675.129
      12.023       12.000       23.703      675.129
      13.025       11.000       23.703      675.129
      14.026       13.000       23.703      675.129
      15.028       11.000       23.703      675.129
      16.029       12.000       23.703      675.129
      17.031       13.000       23.703      675.129
      18.033       11.000       23.703      675.129
      19.034       12.000       23.703      675.129
      20.036       13.000       23.703      675.129
      21.038       11.000       23.703      675.129
      22.040       13.000       23.703      675.129
      23.042       12.000       23.703      675.129
      24.044       12.000       23.703      675.129
      25.047       12.000       23.703      675.129
      26.049       13.000       23.703      675.129
      27.051       12.000       23.703      675.129
      28.053       12.000       23.703      675.129
      29.055       26.900       24.441      676.016
      30.057       12.000       24.441      676.016
      31.059       10.000       24.441      676.016
      32.061       12.000       24.441      676.016
      33.062       12.000       24.441      676.016
      34.064       12.000       24.441      676.016
      35.067       12.000       24.441      676.016
      36.069       10.000       24.441      676.016
      37.071       13.000       24.441      676.016
      38.073       13.000       24.441      676.016
      39.074       30.000       24.441      676.016
      40.075       15.000       24.699      676.172
      41.077       12.000       24.699      676.172
      42.078       12.000       24.699      676.172
      43.080       12.000       24.699      676.172
      44.082       12.000       24.699      676.172
      45.084       11.000       24.699      676.172
      46.085       12.000       24.699      676.172
      47.087       12.000       24.699      676.172
      48.089       12.000       24.699      676.172
      49.090       12.000       24.699      676.172
      50.092       14.000       24.699      676.172
      51.094       11.000       24.699      676.172
      52.096       28.900       24.957      676.312
      53.097       13.000       24.957      676.312
      54.098       11.000       24.957      676.312
      55.100       13.000       24.957      676.312
      56.102       12.000       24.957      676.312
      57.104       11.000       24.957      676.312
      58.106       13.000       24.957      676.312
      59.109       12.000       24.957      676.312
      60.112       12.000       24.957      676.312
      61.113       11.000       24.957      676.312
      62.114       12.000       24.957      676.312
      63.116       11.000       24.957      676.312
      64.118       13.000       24.957      676.312
      65.121       28.900       25.215      676.762
      66.123       10.000       25.215      676.762
      67.125       12.000       25.215      676.762
      68.126       12.000       25.215      676.762
      69.129       11.000       25.215      676.762
      70.130       12.000       25.215      676.762
      71.132       12.000       25.215      676.762
      72.134       11.000       25.215      676.762
      73.136       13.000       25.215      676.762
      74.138       11.000       25.215      676.762
      75.140       12.000       25.215      676.762
      76.141       36.900       25.988      677.379
      77.143       12.000       25.988      677.379
      78.145       11.000       25.988      677.379
      79.147       12.000       25.988      677.379
      80.149       12.000       25.988      677.379
      81.151       12.000       25.988      677.379
      82.153       12.000       25.988      677.379
      83.156       13.000       25.988      677.379
      84.158       11.000       25.988      677.379
      85.161       13.000       25.988      677.379
      86.163       12.000       25.988      677.379
      87.165       33.900       25.238      676.504
      88.167       12.000       25.238      676.504
      89.169       12.000       25.238      676.504
      90.171       11.000       25.238      676.504
      91.173       11.000       25.238      676.504
      92.174       13.000       25.238      676.504
      93.177       11.000       25.238      676.504
      94.179       13.000       25.238      676.504
      95.181       12.000       25.238      676.504
      96.182       13.000       25.238      676.504
      97.184       12.000       25.238      676.504
      98.185       12.000       25.238      676.504
      99.187       12.000       25.238      676.504
     100.188       30.000       25.238      676.723
     101.191       12.000       25.238      676.723
     102.193       12.000       25.238      676.723
     103.195       13.000       25.238      676.723
     104.196       13.000       25.238      676.723
     105.197       12.000       25.238      676.723
     106.199       11.000       25.238      676.723
     107.200       13.000       25.238      676.723
     108.203       11.000       25.238      676.723
     109.205       12.000       25.238      676.723
     110.207       11.000       25.238      676.723
     111.209       11.000       25.238      676.723
     112.211       13.000       25.238      676.723
     113.212       29.900       24.875      676.082
     114.215       13.000       24.875      676.082
     115.217       11.000       24.875      676.082
     116.219       13.000       24.875      676.082
     117.221       10.000       24.875      676.082
     118.223       13.000       24.875      676.082
     119.225       11.000       24.875      676.082
     120.227       12.000       24.875      676.082
     121.229       13.000       24.875      676.082
     122.231       11.000       24.875      676.082
     123.233       12.000       24.875      676.082
     124.235       12.000       24.875      676.082
     125.236       12.000       24.875      676.082
     126.239       30.900       25.129      676.660
     127.240       12.000       25.129      676.660
     128.241       12.000       25.129      676.660
     129.243       12.000       25.129      676.660
     130.245       10.000       25.129      676.660
     131.247       12.000       25.129      676.660
     132.249       12.000       25.129      676.660
     133.251       12.000       25.129      676.660
     134.253       12.000       25.129      676.660
     135.255       12.000       25.129      676.660
     136.257       12.000       25.129      676.660
     137.259       12.000       25.129      676.660
     138.261       11.000       25.129      676.660
     139.263       32.900       25.902      677.273
     140.266       14.000       25.902      677.273
     141.268       11.000       25.902      677.273
     142.269       12.000       25.902      677.273
     143.271       12.000       25.902      677.273
     144.273       12.000       25.902      677.273
     145.276       12.000       25.902      677.273
     146.277       13.000       25.902      677.273
     147.279       10.000       25.902      677.273
     148.280       14.000       25.902      677.273
     149.281       13.000       25.902      677.273
     150.283       11.000       25.902      677.273
     151.284       34.900       25.902      677.422
     152.286       12.000       25.902      677.422
     153.288       12.000       25.902      677.422
     154.289       12.000       25.902      677.422
     155.290       13.000       25.902      677.422
     156.292       11.000       25.902      677.422
     157.293       12.000       25.902      677.422
     158.295       13.000       25.902      677.422
     159.296       12.000       25.902      677.422
     160.299       12.000       25.902      677.422
     161.301       12.000       25.902      677.422
     162.303       11.000       25.902      677.422
     163.304       13.000       25.902      677.422
     164.306       31.000       26.160      677.602
     165.306       11.000       26.160      677.602
     166.308       12.000       26.160      677.602
     167.309       12.000       26.160      677.602
     168.311       11.000       26.160      677.602
     169.313       12.000       26.160      677.602
     170.315       12.000       26.160      677.602
     171.316       11.000       26.160      677.602
     172.319       11.000       26.160      677.602
     173.321       13.000       26.160      677.602
     174.323       11.000       26.160      677.602
     175.325       12.000       26.160      677.602
     176.327       12.000       26.160      677.602
     177.329       28.900       26.160      677.602
     178.332       13.000       26.160      677.602
     179.334       12.000       26.160      677.602
     180.336       12.000       26.160      677.602
     181.338       12.000       26.160      677.602
     182.340       12.000       26.160      677.602
     183.341       12.000       26.160      677.602
     184.343       13.000       26.160      677.602
     185.345       12.000       26.160      677.602
     186.347       11.000       26.160      677.602
     187.349       11.000       26.160      677.602
     188.350       12.000       26.160      677.602
     189.352       11.000       26.160      677.602
     190.354       35.900       25.754      677.062
     191.356       12.000       25.754      677.062
     192.359       11.000       25.754      677.062
     193.360       12.000       25.754      677.062
     194.361       13.000       25.754      677.062
     195.363       10.000       25.754      677.062
     196.365       13.000       25.754      677.062
     197.367       11.000       25.754      677.062
     198.369       13.000       25.754      677.062
     199.371       12.000       25.754      677.062
     200.372       11.000       25.754      677.062
     201.374       12.000       25.754      677.062
     202.375       13.000       25.754      677.062
     203.377       34.900       26.012      677.363
     204.379       12.000       26.012      677.363
     205.381       12.000       26.012      677.363
     206.383       12.000       26.012      677.363
     207.385       12.000       26.012      677.363
     208.387       13.000       26.012      677.363
     209.389       13.000       26.012      677.363
     210.391       11.000       26.012      677.363
     211.393       12.000       26.012      677.363
     212.394       11.000       26.012      677.363
     213.396       12.000       26.012      677.363
     214.399       11.000       26.012      677.363
     215.401       14.000       26.012      677.363
     216.403       30.000       26.527      677.918
     217.405       11.000       26.527      677.918
     218.407       13.000       26.527      677.918
     219.409       12.000       26.527      677.918
     220.411       13.000       26.527      677.918
     221.413       12.000       26.527      677.918
     222.415       10.000       26.527      677.918
     223.417        9.000       26.527      685.922
     224.419       11.000       26.527      685.922
     225.421        7.000       26.527      685.922
     226.423        9.000       26.527      685.922
     227.425        8.000       26.527      685.922
     228.427        7.000       26.527      685.922
     229.429        7.000       26.527      685.922
     230.432       10.000       26.527      685.922
     231.434        5.000       26.527      685.922
     232.436        9.000       26.527      685.922
