# Elapsed time   CPU (%)     Real (MB)   Virtual (MB)
       0.000        0.000       15.457      539.848
       1.002        9.000       15.457      539.848
       2.004       10.000       15.457      539.848
       3.006       11.000       15.457      539.848
       4.008        7.000       15.457      603.848
       5.010       16.000       23.527      675.125
       6.011       14.000       23.527      675.125
       7.013       10.000       23.527      675.125
       8.016       14.000       23.527      675.125
       9.018       13.000       23.527      675.125
      10.020       12.000       23.527      675.125
      11.022       15.000       23.527      675.125
      12.024       13.000       23.527      675.125
      13.026       13.000       23.527      675.125
      14.028       10.000       23.527      675.125
      15.030        7.000       23.527      675.125
      16.031        7.000       23.527      675.125
      17.033        8.000       23.527      675.125
      18.034        8.000       23.527      675.125
      19.035        7.000       23.527      675.125
      20.037        6.000       23.527      675.125
      21.038        7.000       23.527      675.125
      22.039        9.000       23.527      675.125
      23.041        9.000       23.527      675.125
      24.042        8.000       23.527      675.125
      25.044       10.000       23.527      675.125
      26.046       27.900       24.574      676.027
      27.048        9.000       24.574      676.027
      28.049       12.000       24.574      676.027
      29.052       12.000       24.574      676.027
      30.054       12.000       24.574      676.027
      31.056       10.000       24.574      676.027
      32.058       13.000       24.574      676.027
      33.059       13.000       24.574      676.027
      34.062       12.000       24.574      676.027
      35.063       13.000       24.574      676.027
      36.065       14.000       24.574      676.027
      37.067       32.900       24.832      676.422
      38.069       10.000       24.832      676.422
      39.071       13.000       24.832      676.422
      40.072       12.000       24.832      676.422
      41.074       11.000       24.832      676.422
      42.076       13.000       24.832      676.422
      43.078       11.000       24.832      676.422
      44.080       13.000       24.832      676.422
      45.082       14.000       24.832      676.422
      46.084       12.000       24.832      676.422
      47.086       12.000       24.832      676.422
      48.087       13.000       24.832      676.422
      49.089       11.000       24.832      676.422
      50.091       29.900       25.090      676.707
      51.094       10.000       25.090      676.707
      52.095        9.000       25.090      676.707
      53.097       13.000       25.090      676.707
      54.099        6.000       25.090      676.707
      55.100        5.000       25.090      676.707
      56.101        5.000       25.090      676.707
      57.103        3.000       25.090      676.707
      58.104        5.000       25.090      676.707
      59.106        6.000       25.090      676.707
      60.108       10.000       25.090      676.707
      61.109        9.000       25.090      676.707
      62.110       15.000       25.090      676.707
      63.111       19.000       25.863      677.438
      64.112        7.000       25.863      677.438
      65.114       14.000       25.863      677.438
      66.117       13.000       25.863      677.438
      67.119       12.000       25.863      677.438
      68.121        9.000       25.863      677.438
      69.122       10.000       25.863      677.438
      70.125       12.000       25.863      677.438
      71.126       12.000       25.863      677.438
      72.128       13.000       25.863      677.438
      73.130       33.900       26.637      678.184
      74.131       11.000       26.637      678.184
      75.133       13.000       26.637      678.184
      76.135       11.000       26.637      678.184
      77.137       13.000       26.637      678.184
      78.139       12.000       26.637      678.184
      79.141       12.000       26.637      678.184
      80.144       13.000       26.637      678.184
      81.145       10.000       26.637      678.184
      82.146        8.000       26.637      678.184
      83.148        6.000       26.637      678.184
      84.148       30.000       26.895      678.488
      85.149        6.000       26.895      678.488
      86.150        4.000       26.895      678.488
      87.152        6.000       26.895      678.488
      88.154        5.000       26.895      678.488
      89.155        6.000       26.895      678.488
      90.156        6.000       26.895      678.488
      91.158        6.000       26.895      678.488
      92.159        9.000       26.895      678.488
      93.161       10.000       26.895      678.488
      94.163       12.000       26.895      678.488
      95.165        8.000       26.895      678.488
      96.166        6.000       26.895      678.488
      97.168       28.900       27.152      678.629
      98.170       14.000       27.152      678.629
      99.172       16.000       27.152      678.629
     100.174        8.000       27.152      678.629
     101.175        9.000       27.152      678.629
     102.178       14.000       27.152      678.629
     103.180       12.000       27.152      678.629
     104.182       12.000       27.152      678.629
     105.183       10.000       27.152      678.629
     106.186       14.000       27.152      678.629
     107.188       14.000       27.152      678.629
     108.190       12.000       27.152      678.629
     109.191       15.000       27.152      678.629
     110.193       30.900       27.152      678.629
     111.195       13.000       27.152      678.629
     112.197       13.000       27.152      678.629
     113.199       12.000       27.152      678.629
     114.201       14.000       27.152      678.629
     115.203       13.000       27.152      678.629
     116.205       14.000       27.152      678.629
     117.207       14.000       27.152      678.629
     118.209        9.000       27.152      678.629
     119.210        8.000       27.152      678.629
     120.212       13.000       27.152      678.629
     121.214       11.000       27.152      678.629
     122.216       14.000       27.152      678.629
     123.218       27.000       27.152      678.629
     124.219       11.000       27.152      678.629
     125.220       12.000       27.152      678.629
     126.222       14.000       27.152      678.629
     127.223       12.000       27.152      678.629
     128.226       14.000       27.152      678.629
     129.228       14.000       27.152      678.629
     130.230       13.000       27.152      678.629
     131.232       16.000       27.152      678.629
     132.234       13.000       27.152      678.629
     133.235       12.000       27.152      678.629
     134.237       14.000       27.152      678.629
     135.240       14.000       27.152      678.629
     136.242       31.900       27.410      679.008
     137.244       14.000       27.410      679.008
     138.246       12.000       27.410      679.008
     139.248       14.000       27.410      679.008
     140.250       12.000       27.410      679.008
     141.252       13.000       27.410      679.008
     142.254       13.000       27.410      679.008
     143.256       14.000       27.410      679.008
     144.257       14.000       27.410      679.008
     145.260       12.000       27.410      679.008
     146.262       15.000       27.410      679.008
     147.264       14.000       27.410      679.008
     148.266       23.000       27.410      679.008
     149.267       22.000       27.668      679.148
     150.269       14.000       27.668      679.148
     151.271       12.000       27.668      679.148
     152.273       14.000       27.668      679.148
     153.276       14.000       27.668      679.148
     154.278       11.000       27.668      679.148
     155.280       13.000       27.668      679.148
     156.282        9.000       27.668      679.148
     157.285       12.000       27.668      679.148
     158.287       13.000       27.668      679.148
     159.289       13.000       27.668      679.148
     160.291       12.000       27.668      679.148
     161.293       25.000       27.668      679.148
     162.294       13.000       27.668      679.289
     163.296       13.000       27.668      679.289
     164.298       12.000       27.668      679.289
     165.300       14.000       27.668      679.289
     166.302       12.000       27.668      679.289
     167.304       13.000       27.668      679.289
     168.306       13.000       27.668      679.289
     169.308       13.000       27.668      679.289
     170.310       13.000       27.668      679.289
     171.312       12.000       27.668      679.289
     172.314       12.000       27.668      679.289
     173.316       14.000       27.668      679.289
     174.318       28.000       27.668      679.289
     175.319       14.000       27.516      679.008
     176.321       14.000       27.516      679.008
     177.324       13.000       27.516      679.008
     178.326       11.000       27.516      679.008
     179.328       14.000       27.516      679.008
     180.330       13.000       27.516      679.008
     181.332       11.000       27.516      679.008
     182.334       13.000       27.516      679.008
     183.336       14.000       27.516      679.008
     184.338        6.000       27.516      679.008
     185.340       14.000       27.516      679.008
     186.341       13.000       27.516      679.008
     187.343       22.000       27.516      679.008
     188.345       29.000       27.516      679.008
     189.346        7.000       27.516      679.008
     190.347       13.000       27.516      679.008
     191.349       15.000       27.516      679.008
     192.352       13.000       27.516      679.008
     193.354       12.000       27.516      679.008
     194.355       10.000       27.516      679.008
     195.357       14.000       27.516      679.008
     196.360       12.000       27.516      679.008
     197.362       14.000       27.516      679.008
     198.364       14.000       27.516      679.008
     199.366       14.000       27.516      679.008
     200.368       25.000       27.516      679.008
     201.369       24.000       27.516      679.008
     202.371       11.000       27.516      679.008
     203.373       15.000       27.516      679.008
     204.374       14.000       27.516      679.008
     205.376       12.000       27.516      679.008
     206.378       14.000       27.516      679.008
     207.380       13.000       27.516      679.008
     208.382       12.000       27.516      679.008
     209.383       14.000       27.516      679.008
     210.385       12.000       27.516      679.008
     211.388       12.000       27.516      679.008
     212.390       13.000       27.516      679.008
     213.392       30.900       27.516      679.008
     214.393       16.000       27.516      679.008
     215.394       14.000       27.516      679.008
     216.395       12.000       27.516      679.008
     217.396       12.000       27.516      679.008
     218.398       14.000       27.516      679.008
     219.399       14.000       27.516      679.008
     220.401        8.000       27.516      687.012
     221.404        8.000       27.516      687.012
     222.406        8.000       27.516      687.012
     223.408        9.000       27.516      687.012
     224.410        7.000       27.516      687.012
     225.412        8.000       27.516      687.012
     226.414        6.000       27.516      687.012
     227.416        5.000       27.516      687.012
     228.418       10.000       27.516      687.012
     229.419       10.000       27.516      687.012
     230.421       10.000       27.516      687.012
