# Elapsed time   CPU (%)     Real (MB)   Virtual (MB)
       0.000        0.000       15.574      539.848
       1.001        9.000       15.574      539.848
       2.003        8.000       15.574      539.848
       3.004        7.000       15.574      603.848
       4.006       15.000       28.102      679.508
       5.008       13.000       28.102      679.508
       6.010       11.000       28.102      679.508
       7.012       14.000       28.102      679.508
       8.014       11.000       28.102      679.508
       9.016       11.000       28.102      679.508
      10.017       12.000       28.102      679.508
      11.019       13.000       28.102      679.508
      12.020        8.000       28.102      679.508
      13.021       15.000       28.102      679.508
      14.023       11.000       28.102      679.508
      15.025       10.000       28.102      679.508
      16.027       12.000       28.102      679.508
      17.029       13.000       28.102      679.508
      18.032       11.000       28.102      679.508
      19.033       14.000       28.102      679.508
      20.035       13.000       28.102      679.508
      21.037       12.000       28.102      679.508
      22.039       41.900       28.434      679.762
      23.041       14.000       28.434      679.762
      24.044       11.000       28.434      679.762
      25.045       13.000       28.434      679.762
      26.047        9.000       28.434      679.762
      27.049       12.000       28.434      679.762
      28.051       13.000       28.434      679.762
      29.053       12.000       28.434      679.762
      30.054       13.000       28.434      679.762
      31.056       11.000       28.434      679.762
      32.058       48.900       29.980      681.391
      33.059        8.000       29.980      681.391
      34.061       10.000       29.980      681.391
      35.063       12.000       29.980      681.391
      36.065       11.000       29.980      681.391
      37.067       11.000       29.980      681.391
      38.068       11.000       29.980      681.391
      39.069        8.000       29.980      681.391
      40.071        8.000       29.980      681.391
      41.073       12.000       29.980      681.391
      42.075       51.900       30.496      681.891
      43.077        8.000       30.496      681.891
      44.079       10.000       30.496      681.891
      45.080       11.000       30.496      681.891
      46.081        7.000       30.496      681.891
      47.083       10.000       30.496      681.891
      48.085       12.000       30.496      681.891
      49.087        9.000       30.496      681.891
      50.089       11.000       30.496      681.891
      51.092        9.000       30.496      681.891
      52.093       45.900       31.012      682.555
      53.095       10.000       31.012      682.555
      54.097       10.000       31.012      682.555
      55.100        7.000       31.012      682.555
      56.101       10.000       31.012      682.555
      57.103        9.000       31.012      682.555
      58.105       14.000       31.012      682.555
      59.107       10.000       31.012      682.555
      60.109       10.000       31.012      682.555
      61.111       13.000       31.012      682.555
      62.113       47.900       32.816      684.355
      63.115        8.000       32.816      684.355
      64.117       12.000       32.816      684.355
      65.119       12.000       32.816      684.355
      66.121       11.000       32.816      684.355
      67.123       10.000       32.816      684.355
      68.125       10.000       32.816      684.355
      69.127        8.000       32.816      684.355
      70.128       13.000       32.816      684.355
      71.130       12.000       32.816      684.355
      72.132       53.900       33.848      685.352
      73.134       13.000       33.848      685.352
      74.137       13.000       33.848      685.352
      75.139       12.000       33.848      685.352
      76.141       12.000       33.848      685.352
      77.143       14.000       33.848      685.352
      78.145       12.000       33.848      685.352
      79.147       13.000       33.848      685.352
      80.149       10.000       33.848      685.352
      81.151       11.000       33.848      685.352
      82.153       50.900       33.848      685.352
      83.155       18.000       34.105      685.492
      84.157       11.000       34.105      685.492
      85.159        9.000       34.105      685.492
      86.161       13.000       34.105      685.492
      87.163       12.000       34.105      685.492
      88.164       12.000       34.105      685.492
      89.166       14.000       34.105      685.492
      90.168       12.000       34.105      685.492
      91.169       13.000       34.105      685.492
      92.171       44.900       34.621      686.090
      93.173       12.000       34.621      686.090
      94.175       13.000       34.621      686.090
      95.176       11.000       34.621      686.090
      96.177       11.000       34.621      686.090
      97.179       14.000       34.621      686.090
      98.181       14.000       34.621      686.090
      99.183       12.000       34.621      686.090
     100.185       12.000       34.621      686.090
     101.187       13.000       34.621      686.090
     102.189       43.900       34.879      686.230
     103.191       13.000       34.879      686.230
     104.193       14.000       34.879      686.230
     105.195       11.000       34.879      686.230
     106.196       10.000       34.879      686.230
     107.198       12.000       34.879      686.230
     108.200       14.000       34.879      686.230
     109.201       13.000       34.879      686.230
     110.203       12.000       34.879      686.230
     111.205       11.000       34.879      686.230
     112.207       50.900       34.879      686.371
     113.209       13.000       34.879      686.371
     114.211       13.000       34.879      686.371
     115.213       13.000       34.879      686.371
     116.216       13.000       34.879      686.371
     117.217       13.000       34.879      686.371
     118.219       13.000       34.879      686.371
     119.221       11.000       34.879      686.371
     120.223       10.000       34.879      686.371
     121.225       12.000       34.879      686.371
     122.226       47.900       34.879      686.371
     123.228       12.000       34.879      686.371
     124.230        9.000       34.879      686.371
     125.233       13.000       34.879      686.371
     126.235       11.000       34.879      686.371
     127.237       11.000       34.879      686.371
     128.239       11.000       34.879      686.371
     129.241       10.000       34.879      686.371
     130.242       11.000       34.879      686.371
     131.244       13.000       34.879      686.371
     132.246       51.900       36.168      687.539
     133.248       13.000       36.168      687.539
     134.249        9.000       36.168      687.539
     135.251        9.000       36.168      687.539
     136.253       14.000       36.168      687.539
     137.255       12.000       36.168      687.539
     138.257       12.000       36.168      687.539
     139.259       11.000       36.168      687.539
     140.261       12.000       36.168      687.539
     141.263       13.000       36.168      687.539
     142.264       13.000       36.168      687.539
     143.266       14.000       36.168      687.539
     144.268       13.000       36.168      687.539
     145.270       57.900       36.168      687.539
     146.271       12.000       36.168      687.539
     147.273       12.000       36.168      687.539
     148.275       11.000       36.168      687.539
     149.277       15.000       36.168      687.539
     150.279       12.000       36.168      687.539
     151.281       13.000       36.168      687.539
     152.283       10.000       36.168      687.539
     153.285       21.000       36.168      687.539
     154.286       36.900       36.168      687.539
     155.288       12.000       36.168      687.539
     156.290       10.000       36.168      687.539
     157.293       13.000       36.168      687.539
     158.295       13.000       36.168      687.539
     159.296       12.000       36.168      687.539
     160.298       13.000       36.168      687.539
     161.300       12.000       36.168      687.539
     162.301       10.000       36.168      687.539
     163.304       18.000       36.168      687.539
     164.305       37.900       35.059      686.227
     165.307       10.000       35.059      686.227
     166.309       13.000       35.059      686.227
     167.311       14.000       35.059      686.227
     168.313       13.000       35.059      686.227
     169.315       13.000       35.059      686.227
     170.317       13.000       35.059      686.227
     171.319       13.000       35.059      686.227
     172.321       12.000       35.059      686.227
     173.324       17.000       35.059      686.227
     174.325       45.900       35.059      686.227
     175.327       12.000       35.059      686.227
     176.329       10.000       35.059      686.227
     177.331       13.000       35.059      686.227
     178.333       12.000       35.059      686.227
     179.335       15.000       35.059      686.227
     180.337       11.000       35.059      686.227
     181.339       13.000       35.059      686.227
     182.341       14.000       35.059      686.227
     183.343       14.000       35.059      686.227
     184.345       51.900       35.059      686.227
     185.347       11.000       35.059      686.227
     186.349       12.000       35.059      686.227
     187.351        9.000       35.059      686.227
     188.352       12.000       35.059      686.227
     189.353       10.000       35.059      686.227
     190.355       13.000       35.059      686.227
     191.357       11.000       35.059      686.227
     192.359       10.000       35.059      686.227
     193.361       18.000       35.059      686.227
     194.362       55.900       35.059      686.227
     195.365       12.000       35.059      686.227
     196.367        9.000       35.059      686.227
     197.368       14.000       35.059      686.227
     198.371       13.000       35.059      686.227
     199.373       12.000       35.059      686.227
     200.375       13.000       35.059      686.227
     201.377        9.000       35.059      686.227
     202.379       10.000       35.059      686.227
     203.381       11.000       35.059      686.227
     204.383       50.900       35.059      686.227
     205.384       11.000       35.059      686.227
     206.386       12.000       35.059      686.227
     207.389       12.000       35.059      686.227
     208.391       10.000       35.059      686.227
     209.393       12.000       35.059      686.227
     210.395       12.000       35.059      686.227
     211.397       14.000       35.059      686.227
     212.400       12.000       35.059      686.227
     213.401       18.000       35.059      686.227
     214.403       43.900       35.059      686.367
     215.405       13.000       35.059      686.367
     216.407       12.000       35.059      686.367
     217.409       14.000       35.059      686.367
     218.411       13.000       35.059      686.367
     219.414        8.000       35.059      694.371
     220.416        6.000       35.059      694.371
     221.418        9.000       35.059      694.371
     222.420        9.000       35.059      694.371
     223.422        7.000       35.059      694.371
     224.424        7.000       35.059      694.371
     225.426       10.000       35.059      694.371
