# Elapsed time   CPU (%)     Real (MB)   Virtual (MB)
       0.000        0.000      858.465     3618.852
       1.001        1.000      858.500     3618.852
       2.003        3.000      858.414     3618.852
       3.005        0.000      858.375     3618.852
       4.007        1.000      858.375     3618.852
       5.009        1.000      858.375     3618.852
       6.011        5.000      858.383     3618.852
       7.013        1.000      858.383     3618.852
       8.015       14.000      858.383     3618.852
       9.017        2.000      858.625     3618.852
      10.019        1.000      858.625     3618.852
      11.021        3.000      858.660     3618.852
      12.023        1.000      858.660     3618.852
      13.025        1.000      858.660     3618.852
      14.027        1.000      858.660     3618.852
      15.029        1.000      858.660     3618.852
      16.030        5.000      858.785     3618.852
      17.032        3.000      858.785     3618.852
      18.034        1.000      858.785     3618.852
      19.036        0.000      858.621     3618.852
      20.038        1.000      858.840     3618.852
      21.041        1.000      858.969     3618.852
      22.043        2.000      859.055     3618.852
      23.045        2.000      859.055     3618.852
      24.048        1.000      859.055     3618.852
      25.050        1.000      858.938     3618.852
      26.052        5.000      858.867     3618.852
      27.054        2.000      858.867     3618.852
      28.056        0.000      858.867     3618.852
      29.058        1.000      858.867     3618.852
      30.060        0.000      858.902     3618.852
      31.062        2.000      858.902     3618.852
      32.063        2.000      859.113     3618.852
      33.065        0.000      859.113     3618.852
      34.067        2.000      859.113     3618.852
      35.068        2.000      859.047     3618.852
      36.069        5.000      859.242     3618.852
      37.071        2.000      859.242     3618.852
      38.072        1.000      859.242     3618.852
      39.074        1.000      859.242     3618.852
      40.076        2.000      859.273     3618.852
      41.077        5.000      859.273     3618.852
      42.079       36.900      859.504     3618.852
      43.080       20.000      859.504     3618.852
      44.082        2.000      859.504     3618.852
      45.084        4.000      859.539     3618.852
      46.085        2.000      859.477     3618.852
      47.086        2.000      859.477     3618.852
      48.088        2.000      859.434     3618.852
      49.091        1.000      859.434     3618.852
      50.092        2.000      859.469     3618.852
      51.094        0.000      859.684     3618.852
      52.097        1.000      859.684     3618.852
      53.098        1.000      859.684     3618.852
      54.100        0.000      859.684     3618.852
      55.102        6.000      859.625     3618.852
      56.104        2.000      859.625     3618.852
      57.106        1.000      859.625     3618.852
      58.108        0.000      859.625     3618.852
      59.109        1.000      859.625     3618.852
      60.110        1.000      859.656     3618.852
      61.111        1.000      859.598     3618.852
      62.113        2.000      859.535     3618.852
      63.115        2.000      859.535     3618.852
      64.117        0.000      859.535     3618.852
      65.118        6.000      859.582     3618.852
      66.120        1.000      859.816     3618.852
      67.122        1.000      859.816     3618.852
      68.123        1.000      859.816     3618.852
      69.125        0.000      859.816     3618.852
      70.127        2.000      859.871     3618.852
      71.128        3.000      859.871     3618.852
      72.130        0.000      859.871     3618.852
      73.132        1.000      859.871     3618.852
      74.133        1.000      859.871     3618.852
      75.134        6.000      859.848     3618.852
      76.136        0.000      859.848     3618.852
      77.137        1.000      859.848     3618.852
      78.139        1.000      859.848     3618.852
      79.141        0.000      859.848     3618.852
      80.142        2.000      860.004     3618.852
      81.144        1.000      860.004     3618.852
      82.146        0.000      860.199     3618.852
      83.148        1.000      860.137     3618.852
      84.150        1.000      860.137     3618.852
      85.152        6.000      859.992     3618.852
      86.153        1.000      859.992     3618.852
      87.155        3.000      859.992     3618.852
      88.157        0.000      859.992     3618.852
      89.158        1.000      859.992     3618.852
      90.160        2.000      860.027     3618.852
      91.162        1.000      860.027     3618.852
      92.164        1.000      860.027     3618.852
      93.166        2.000      860.027     3618.852
      94.169        0.000      860.027     3618.852
      95.170        5.000      860.125     3618.852
      96.172        4.000      860.531     3618.852
      97.174        1.000      860.469     3618.852
      98.176        1.000      860.469     3618.852
      99.178        1.000      860.469     3618.852
     100.180        0.000      860.254     3618.852
     101.181        3.000      860.254     3618.852
     102.183        2.000      860.254     3618.852
     103.185        0.000      860.254     3618.852
     104.185        2.000      860.254     3618.852
     105.187        6.000      860.305     3618.852
     106.189        0.000      860.305     3618.852
     107.190        2.000      860.305     3618.852
     108.192        0.000      860.305     3618.852
     109.195        3.000      860.305     3618.852
     110.196        1.000      860.309     3618.852
     111.198        1.000      860.492     3618.852
     112.201        1.000      860.492     3618.852
     113.202        0.000      860.492     3618.852
     114.205        1.000      860.492     3618.852
     115.207        5.000      860.480     3618.852
     116.209        4.000      860.480     3618.852
     117.211        1.000      860.480     3618.852
     118.213        0.000      860.480     3618.852
     119.214        1.000      860.480     3618.852
     120.217        2.000      860.484     3618.852
     121.219        0.000      860.484     3618.852
     122.220        2.000      860.484     3618.852
     123.222        2.000      860.738     3618.852
     124.224        0.000      860.738     3618.852
     125.226        6.000      860.883     3618.852
     126.228        1.000      860.883     3618.852
     127.229        1.000      860.883     3618.852
     128.231        1.000      860.883     3618.852
     129.234        0.000      860.883     3618.852
     130.236        2.000      860.414     3618.852
     131.238        2.000      860.641     3618.852
     132.239        1.000      860.641     3618.852
     133.241        1.000      860.641     3618.852
     134.243        0.000      860.641     3618.852
     135.245        5.000      860.629     3618.852
     136.247        2.000      860.629     3618.852
     137.248        1.000      860.629     3618.852
     138.250        1.000      860.629     3618.852
     139.252        1.000      860.629     3618.852
     140.253        2.000      860.754     3618.852
     141.255        0.000      860.754     3618.852
     142.257        0.000      860.754     3618.852
     143.258        1.000      860.754     3618.852
     144.260        1.000      860.754     3618.852
     145.262        7.000      860.625     3618.852
     146.264        2.000      860.625     3618.852
     147.266        0.000      860.625     3618.852
     148.268        1.000      860.625     3618.852
     149.269        1.000      860.625     3618.852
     150.271        1.000      860.625     3618.852
     151.273        1.000      860.625     3618.852
     152.274        1.000      860.875     3618.852
     153.276        2.000      860.875     3618.852
     154.278        0.000      860.875     3618.852
     155.280        6.000      861.016     3618.852
     156.282        2.000      861.016     3618.852
     157.284        1.000      861.016     3618.852
     158.285        1.000      861.016     3618.852
     159.287        0.000      861.016     3618.852
     160.289        2.000      861.016     3618.852
     161.291        2.000      861.016     3618.852
     162.293        2.000      860.918     3618.852
     163.295        1.000      860.742     3618.852
     164.297        2.000      860.742     3618.852
     165.299        6.000      860.703     3618.852
     166.301        1.000      860.703     3618.852
     167.303        0.000      860.703     3618.852
     168.305        1.000      860.703     3618.852
     169.307        1.000      860.703     3618.852
     170.309        2.000      860.734     3618.852
     171.310        0.000      860.734     3618.852
     172.311        1.000      860.980     3618.852
     173.313        1.000      860.980     3618.852
     174.315        1.000      860.980     3618.852
     175.317        5.000      860.969     3618.852
     176.319        3.000      860.969     3618.852
     177.321        1.000      860.969     3618.852
     178.323        1.000      860.969     3618.852
     179.325        0.000      860.969     3618.852
     180.327        1.000      860.969     3618.852
     181.329        1.000      860.969     3618.852
     182.330        1.000      861.223     3618.852
     183.331        1.000      861.117     3618.852
     184.333        1.000      861.117     3618.852
     185.335        6.000      861.148     3618.852
     186.337        1.000      861.402     3618.852
     187.339        1.000      861.129     3618.852
     188.341        2.000      861.129     3618.852
     189.343        0.000      861.129     3618.852
     190.345        1.000      861.355     3618.852
     191.346        1.000      861.355     3618.852
     192.348        1.000      861.355     3618.852
     193.350        1.000      861.355     3618.852
     194.352        1.000      861.355     3618.852
     195.354        5.000      861.340     3618.852
     196.356        2.000      861.340     3618.852
     197.358        1.000      861.340     3618.852
     198.360        0.000      861.340     3618.852
     199.362        2.000      861.340     3618.852
     200.364        1.000      861.473     3618.852
     201.367        1.000      861.473     3618.852
     202.369        0.000      861.473     3618.852
     203.371        1.000      861.473     3618.852
     204.373        1.000      861.473     3618.852
     205.375        8.000      861.316     3618.852
     206.377        0.000      861.316     3618.852
     207.379        1.000      861.316     3618.852
     208.381        1.000      861.316     3618.852
     209.383        0.000      861.316     3618.852
     210.385        1.000      861.348     3618.852
     211.387        1.000      861.348     3618.852
     212.389        3.000      861.348     3618.852
     213.391        1.000      861.602     3618.852
     214.393        1.000      861.602     3618.852
     215.395        5.000      861.590     3618.852
     216.397        2.000      861.590     3618.852
     217.399        0.000      861.590     3618.852
     218.401        1.000      861.590     3618.852
     219.402        7.000      861.605     3618.852
     220.403        6.000      861.609     3618.852
     221.405        1.000      861.609     3618.852
     222.408        1.000      861.609     3618.852
     223.409        0.000      861.609     3618.852
