# Elapsed time   CPU (%)     Real (MB)   Virtual (MB)
       0.000        0.000       15.715      539.848
       1.002        8.000       15.715      539.848
       2.004       11.000       15.715      539.848
       3.006       10.000       15.715      539.848
       4.008       10.000       15.715      539.848
       5.010        8.000       15.715      603.848
       6.012       16.000       28.109      679.508
       7.014       12.000       28.109      679.508
       8.016       14.000       28.109      679.508
       9.018       13.000       28.109      679.508
      10.020       15.000       28.109      679.508
      11.022       10.000       28.109      679.508
      12.024       14.000       28.109      679.508
      13.026       13.000       28.109      679.508
      14.028       13.000       28.109      679.508
      15.030       12.000       28.109      679.508
      16.032       11.000       28.109      679.508
      17.034        9.000       28.109      679.508
      18.036       13.000       28.109      679.508
      19.038       14.000       28.109      679.508
      20.040       12.000       28.109      679.508
      21.042       14.000       28.109      679.508
      22.044       14.000       28.109      679.508
      23.045       13.000       28.109      679.508
      24.046       13.000       28.109      679.508
      25.048       15.000       28.109      679.508
      26.050       14.000       28.109      679.508
      27.052       40.900       29.707      681.242
      28.054       13.000       29.707      681.242
      29.056       11.000       29.707      681.242
      30.057       14.000       29.707      681.242
      31.059       12.000       29.707      681.242
      32.061        8.000       29.707      681.242
      33.062       13.000       29.707      681.242
      34.064       13.000       29.707      681.242
      35.065       12.000       29.707      681.242
      36.068       13.000       29.707      681.242
      37.070       12.000       29.707      681.242
      38.072       13.000       29.707      681.242
      39.074       12.000       29.707      681.242
      40.076       54.900       30.480      681.883
      41.078       13.000       30.480      681.883
      42.080       14.000       30.480      681.883
      43.082       15.000       30.480      681.883
      44.083       13.000       30.480      681.883
      45.085       14.000       30.480      681.883
      46.087       14.000       30.480      681.883
      47.089       11.000       30.480      681.883
      48.091       12.000       30.480      681.883
      49.093       14.000       30.480      681.883
      50.096       11.000       30.480      681.883
      51.098       10.000       30.480      681.883
      52.099        6.000       30.480      681.883
      53.101       43.900       30.996      682.383
      54.102        6.000       30.996      682.383
      55.104       10.000       30.996      682.383
      56.105       11.000       30.996      682.383
      57.107       11.000       30.996      682.383
      58.109       10.000       30.996      682.383
      59.111        9.000       30.996      682.383
      60.113       11.000       30.996      682.383
      61.115       14.000       30.996      682.383
      62.118       10.000       30.996      682.383
      63.120        9.000       30.996      682.383
      64.121        9.000       30.996      682.383
      65.123        9.000       30.996      682.383
      66.125       45.900       33.316      684.645
      67.127       12.000       33.316      684.645
      68.129       12.000       33.316      684.645
      69.130       11.000       33.316      684.645
      70.132       10.000       33.316      684.645
      71.134       10.000       33.316      684.645
      72.136       12.000       33.316      684.645
      73.138       11.000       33.316      684.645
      74.138       10.000       33.316      684.645
      75.140       12.000       33.316      684.645
      76.142       11.000       33.316      684.645
      77.144       10.000       33.316      684.645
      78.146       11.000       33.316      684.645
      79.148       52.900       33.316      684.645
      80.150       15.000       33.574      685.016
      81.151       11.000       33.574      685.016
      82.151        9.000       33.574      685.016
      83.152        4.000       33.574      685.016
      84.154        5.000       33.574      685.016
      85.155        5.000       33.574      685.016
      86.157        8.000       33.574      685.016
      87.158        5.000       33.574      685.016
      88.160        8.000       33.574      685.016
      89.161        6.000       33.574      685.016
      90.162        9.000       33.574      685.016
      91.164       12.000       33.574      685.016
      92.166       39.900       33.574      685.016
      93.168       15.000       34.863      686.191
      94.169       14.000       34.863      686.191
      95.170       12.000       34.863      686.191
      96.172       13.000       34.863      686.191
      97.174       10.000       34.863      686.191
      98.176        5.000       34.863      686.191
      99.178        9.000       34.863      686.191
     100.179       10.000       34.863      686.191
     101.181        5.000       34.863      686.191
     102.182        5.000       34.863      686.191
     103.184        5.000       34.863      686.191
     104.185        5.000       34.863      686.191
     105.186       39.000       34.863      686.191
     106.188        8.000       34.863      686.191
     107.190        9.000       34.863      686.191
     108.191        9.000       34.863      686.191
     109.193        9.000       34.863      686.191
     110.195        8.000       34.863      686.191
     111.196       11.000       34.863      686.191
     112.198       11.000       34.863      686.191
     113.200        9.000       34.863      686.191
     114.201        5.000       34.863      686.191
     115.202       10.000       34.863      686.191
     116.204        9.000       34.863      686.191
     117.206       10.000       34.863      686.191
     118.207       36.900       34.863      686.191
     119.208       17.000       34.863      686.191
     120.210        7.000       34.863      686.191
     121.212       10.000       34.863      686.191
     122.214       10.000       34.863      686.191
     123.216       12.000       34.863      686.191
     124.218       13.000       34.863      686.191
     125.220       11.000       34.863      686.191
     126.222       13.000       34.863      686.191
     127.223       11.000       34.863      686.191
     128.226       12.000       34.863      686.191
     129.228       10.000       34.863      686.191
     130.229       15.000       34.863      686.191
     131.231       46.900       34.863      686.191
     132.234       11.000       34.863      686.191
     133.236       10.000       34.863      686.191
     134.237       12.000       34.863      686.191
     135.239       14.000       34.863      686.191
     136.242       12.000       34.863      686.191
     137.243       10.000       34.863      686.191
     138.245       12.000       34.863      686.191
     139.247       10.000       34.863      686.191
     140.249       12.000       34.863      686.191
     141.250       10.000       34.863      686.191
     142.253       14.000       34.863      686.191
     143.254       11.000       34.863      686.191
     144.256       15.000       34.863      686.191
     145.258       11.000       34.863      686.191
     146.260       11.000       34.863      686.191
     147.262       60.900       34.863      686.191
     148.263       11.000       34.863      686.191
     149.265       11.000       34.863      686.191
     150.266       11.000       34.863      686.191
     151.268       13.000       34.863      686.191
     152.270       12.000       34.863      686.191
     153.272       12.000       34.863      686.191
     154.274       12.000       34.863      686.191
     155.275       11.000       34.863      686.191
     156.277        8.000       34.863      686.191
     157.278       13.000       34.863      686.191
     158.280       13.000       34.863      686.191
     159.281       38.900       34.863      686.191
     160.282       12.000       34.863      686.191
     161.283        8.000       34.863      686.191
     162.285       11.000       34.863      686.191
     163.287       11.000       34.863      686.191
     164.289        8.000       34.863      686.191
     165.290       11.000       34.863      686.191
     166.292       14.000       34.863      686.191
     167.293       11.000       34.863      686.191
     168.295       12.000       34.863      686.191
     169.297       14.000       34.863      686.191
     170.298       11.000       34.863      686.191
     171.300       15.000       34.863      686.191
     172.302       45.900       34.863      686.191
     173.303       10.000       34.863      686.191
     174.305       15.000       34.863      686.191
     175.308       10.000       34.863      686.191
     176.309       13.000       34.863      686.191
     177.311       11.000       34.863      686.191
     178.313       15.000       34.863      686.191
     179.314       10.000       34.863      686.191
     180.315       13.000       34.863      686.191
     181.317        8.000       34.863      686.191
     182.318       10.000       34.863      686.191
     183.320       12.000       34.863      686.191
     184.322       12.000       34.863      686.191
     185.323       56.900       35.379      686.883
     186.325       10.000       35.379      686.883
     187.327       10.000       35.379      686.883
     188.329       12.000       35.379      686.883
     189.331       12.000       35.379      686.883
     190.333        9.000       35.379      686.883
     191.334       11.000       35.379      686.883
     192.335       12.000       35.379      686.883
     193.337       13.000       35.379      686.883
     194.338       11.000       35.379      686.883
     195.340       12.000       35.379      686.883
     196.342       11.000       35.379      686.883
     197.342        9.000       35.379      686.883
     198.344       56.900       35.637      687.023
     199.346       13.000       35.637      687.023
     200.348       11.000       35.637      687.023
     201.349       13.000       35.637      687.023
     202.351        9.000       35.637      687.023
     203.353       14.000       35.637      687.023
     204.355       13.000       35.637      687.023
     205.357       13.000       35.637      687.023
     206.358       13.000       35.637      687.023
     207.359        8.000       35.637      687.023
     208.361       14.000       35.637      687.023
     209.362       14.000       35.637      687.023
     210.364       11.000       35.637      687.023
     211.366       49.900       35.559      686.742
     212.367       12.000       35.559      686.742
     213.369        8.000       35.559      686.742
     214.371       12.000       35.559      686.742
     215.371       10.000       35.559      686.742
     216.374       12.000       35.559      686.742
     217.375       13.000       35.559      686.742
     218.376       11.000       35.559      686.742
     219.378       14.000       35.559      686.742
     220.380       12.000       35.559      686.742
     221.381        8.000       35.559      694.746
     222.383       11.000       35.559      694.746
     223.386        7.000       35.559      694.746
     224.386        7.000       35.559      694.746
     225.388        8.000       35.559      694.746
     226.389        8.000       35.559      694.746
     227.390        8.000       35.559      694.746
     228.392       10.000       35.559      694.746
     229.394       10.000       35.559      694.746
     230.396        9.000       35.559      694.746
     231.398        6.000       35.559      694.746
     232.399        7.000       35.559      694.746
