# Elapsed time   CPU (%)     Real (MB)   Virtual (MB)
       0.000        0.000       15.703      539.848
       1.002        9.000       15.703      539.848
       2.003       11.000       15.703      539.848
       3.005       11.000       15.703      539.848
       4.007       10.000       15.703      539.848
       5.009        7.000       15.703      603.848
       6.011       16.000       23.617      675.125
       7.012       10.000       23.617      675.125
       8.014       13.000       23.617      675.125
       9.016       13.000       23.617      675.125
      10.018       13.000       23.617      675.125
      11.020       13.000       23.617      675.125
      12.022       11.000       23.617      675.125
      13.024       10.000       23.617      675.125
      14.027       11.000       23.617      675.125
      15.028       10.000       23.617      675.125
      16.030       13.000       23.617      675.125
      17.032       12.000       23.617      675.125
      18.034       15.000       23.617      675.125
      19.036       14.000       23.617      675.125
      20.038       14.000       23.617      675.125
      21.041       25.900       23.684      675.234
      22.043       15.000       23.684      675.234
      23.044       13.000       23.684      675.234
      24.047       14.000       23.684      675.234
      25.048       14.000       23.684      675.234
      26.050       11.000       23.684      675.234
      27.052       15.000       23.684      675.234
      28.054       27.900       24.254      675.613
      29.057       15.000       24.254      675.613
      30.059       13.000       24.254      675.613
      31.061       14.000       24.254      675.613
      32.063       13.000       24.254      675.613
      33.065       30.900       24.512      676.016
      34.067       13.000       24.512      676.016
      35.069       13.000       24.512      676.016
      36.071       12.000       24.512      676.016
      37.073       14.000       24.512      676.016
      38.075       14.000       24.512      676.016
      39.077       33.900       25.027      676.305
      40.079       14.000       25.027      676.305
      41.081       15.000       25.027      676.305
      42.083       14.000       25.027      676.305
      43.086       14.000       25.027      676.305
      44.087       13.000       25.027      676.305
      45.089       16.000       25.027      676.305
      46.090       30.000       25.027      676.445
      47.091       14.000       25.027      676.445
      48.093       13.000       25.027      676.445
      49.095       13.000       25.027      676.445
      50.097       13.000       25.027      676.445
      51.099       14.000       25.027      676.445
      52.101       31.900       25.055      676.188
      53.103       13.000       25.055      676.188
      54.106       13.000       25.055      676.188
      55.108       14.000       25.055      676.188
      56.110       13.000       25.055      676.188
      57.111       14.000       25.055      676.188
      58.114       14.000       25.055      676.188
      59.116       27.900       25.055      676.555
      60.118       10.000       25.055      676.555
      61.120       12.000       25.055      676.555
      62.122       12.000       25.055      676.555
      63.124       11.000       25.055      676.555
      64.126       13.000       25.055      676.555
      65.128       12.000       25.055      676.555
      66.130       34.900       25.309      676.766
      67.131       13.000       25.309      676.766
      68.133       11.000       25.309      676.766
      69.135       15.000       25.309      676.766
      70.137       15.000       25.309      676.766
      71.140       33.900       26.082      677.555
      72.141       10.000       26.082      677.555
      73.142       10.000       26.082      677.555
      74.145       11.000       26.082      677.555
      75.147       12.000       26.082      677.555
      76.149       31.900       26.082      677.555
      77.150       12.000       26.340      677.723
      78.151       13.000       26.340      677.723
      79.153       13.000       26.340      677.723
      80.155       14.000       26.340      677.723
      81.157       13.000       26.340      677.723
      82.159       34.900       25.988      677.246
      83.161       12.000       25.988      677.246
      84.163       14.000       25.988      677.246
      85.165       13.000       25.988      677.246
      86.167       12.000       25.988      677.246
      87.169       13.000       25.988      677.246
      88.170       13.000       25.988      677.246
      89.171       28.000       25.539      676.797
      90.172       11.000       25.539      676.797
      91.174       14.000       25.539      676.797
      92.175       11.000       25.539      676.797
      93.177       13.000       25.539      676.797
      94.179       14.000       25.539      676.797
      95.182       13.000       25.539      676.797
      96.184       30.900       25.539      676.938
      97.186       12.000       25.539      676.938
      98.188       11.000       25.539      676.938
      99.191       15.000       25.539      676.938
     100.193       12.000       25.539      676.938
     101.195       12.000       25.539      676.938
     102.197       12.000       25.539      676.938
     103.199       30.900       25.523      676.656
     104.201       14.000       25.523      676.656
     105.203       12.000       25.523      676.656
     106.205       14.000       25.523      676.656
     107.207       15.000       25.523      676.656
     108.209       12.000       25.523      676.656
     109.211       12.000       25.523      676.656
     110.213       32.900       25.777      677.055
     111.215       13.000       25.777      677.055
     112.217       13.000       25.777      677.055
     113.219       14.000       25.777      677.055
     114.221       12.000       25.777      677.055
     115.223       14.000       25.777      677.055
     116.226       12.000       25.777      677.055
     117.227       32.900       25.777      677.195
     118.230       12.000       25.777      677.195
     119.232       15.000       25.777      677.195
     120.234       12.000       25.777      677.195
     121.235       13.000       25.777      677.195
     122.237       14.000       25.777      677.195
     123.239       13.000       25.777      677.195
     124.241       33.900       25.523      676.656
     125.243       11.000       25.523      676.656
     126.244       13.000       25.523      676.656
     127.247       12.000       25.523      676.656
     128.249       15.000       25.523      676.656
     129.250       13.000       25.523      676.656
     130.252       12.000       25.523      676.656
     131.254       32.900       26.035      677.473
     132.256       13.000       26.035      677.473
     133.258       12.000       26.035      677.473
     134.259       14.000       26.035      677.473
     135.261       13.000       26.035      677.473
     136.263       36.900       25.719      677.031
     137.265       11.000       25.719      677.031
     138.267       13.000       25.719      677.031
     139.269       12.000       25.719      677.031
     140.271       13.000       25.719      677.031
     141.273       13.000       25.719      677.031
     142.275       20.000       25.719      677.031
     143.277       28.900       25.719      677.172
     144.279       13.000       25.719      677.172
     145.282       13.000       25.719      677.172
     146.285       14.000       25.719      677.172
     147.287       16.000       25.719      677.172
     148.289       13.000       25.719      677.172
     149.291       32.900       25.523      676.656
     150.293       15.000       25.523      676.656
     151.295       14.000       25.523      676.656
     152.297       14.000       25.523      676.656
     153.299       14.000       25.523      676.656
     154.301       13.000       25.523      676.656
     155.303       15.000       25.523      676.656
     156.305       31.900       25.523      676.797
     157.307       12.000       25.523      676.797
     158.309       14.000       25.523      676.797
     159.311       13.000       25.523      676.797
     160.313       14.000       25.523      676.797
     161.315       13.000       25.523      676.797
     162.317       13.000       25.523      676.797
     163.319       31.900       25.523      676.938
     164.321       14.000       25.523      676.938
     165.323       14.000       25.523      676.938
     166.325       13.000       25.523      676.938
     167.327       14.000       25.523      676.938
     168.330       14.000       25.523      676.938
     169.331       14.000       25.523      676.938
     170.334       33.900       26.035      677.305
     171.336       13.000       26.035      677.305
     172.337       12.000       26.035      677.305
     173.339       15.000       26.035      677.305
     174.341       13.000       26.035      677.305
     175.342       14.000       26.035      677.305
     176.345       13.000       26.035      677.305
     177.347       28.900       26.293      677.586
     178.349       13.000       26.293      677.586
     179.350       14.000       26.293      677.586
     180.353       14.000       26.293      677.586
     181.354       13.000       26.293      677.586
     182.357       14.000       26.293      677.586
     183.358       14.000       26.293      677.586
     184.360       34.900       26.551      678.016
     185.362       14.000       26.551      678.016
     186.364       14.000       26.551      678.016
     187.366       13.000       26.551      678.016
     188.369       15.000       26.551      678.016
     189.371       36.900       26.336      677.676
     190.373       14.000       26.336      677.676
     191.375       15.000       26.336      677.676
     192.377       13.000       26.336      677.676
     193.379       15.000       26.336      677.676
     194.382       13.000       26.336      677.676
     195.384       14.000       26.336      677.676
     196.385       38.900       26.336      677.840
     197.387       15.000       26.336      677.840
     198.389       13.000       26.336      677.840
     199.391       13.000       26.336      677.840
     200.393       12.000       26.336      677.840
     201.395       15.000       26.336      677.840
     202.397       13.000       26.336      677.840
     203.399       34.900       26.594      677.980
     204.401       13.000       26.594      677.980
     205.403       15.000       26.594      677.980
     206.405       14.000       26.594      677.980
     207.406       14.000       26.594      677.980
     208.409       14.000       26.594      677.980
     209.411       14.000       26.594      677.980
     210.413       33.900       26.852      678.121
     211.414       14.000       26.852      678.121
     212.415       12.000       26.852      678.121
     213.417       13.000       26.852      678.121
     214.419       13.000       26.852      678.121
     215.421       15.000       26.852      678.121
     216.423       12.000       26.852      678.121
     217.425       35.900       26.852      678.344
     218.427       13.000       26.852      678.344
     219.429       13.000       26.852      678.344
     220.431        9.000       26.852      678.344
     221.433       10.000       26.852      686.348
     222.435        9.000       26.852      686.348
     223.437       10.000       26.852      686.348
     224.439       11.000       26.852      686.348
     225.442        5.000       26.852      686.348
