# Elapsed time   CPU (%)     Real (MB)   Virtual (MB)
       0.000        0.000       15.414      603.848
       1.002        5.000       15.414      603.848
       2.003        4.000       15.414      603.848
       3.004        4.000       15.414      603.848
       4.006        9.000       23.492      675.125
       5.007        8.000       23.492      675.125
       6.009        7.000       23.492      675.125
       7.012        8.000       23.492      675.125
       8.014        8.000       23.492      675.125
       9.016        7.000       23.492      675.125
      10.018        7.000       23.492      675.125
      11.020        8.000       23.492      675.125
      12.022        7.000       23.492      675.125
      13.025        8.000       23.492      675.125
      14.027        7.000       23.492      675.125
      15.029        6.000       23.492      675.125
      16.031        6.000       23.492      675.125
      17.032        6.000       23.492      675.125
      18.035        6.000       23.492      675.125
      19.037       22.000       23.789      675.285
      20.039        7.000       23.789      675.285
      21.041        6.000       23.789      675.285
      22.043        6.000       23.789      675.285
      23.045        5.000       23.789      675.285
      24.047        7.000       23.789      675.285
      25.049        8.000       23.789      675.285
      26.051       22.000       24.047      675.680
      27.054        6.000       24.047      675.680
      28.056        7.000       24.047      675.680
      29.058        7.000       24.047      675.680
      30.060        6.000       24.047      675.680
      31.062       27.900       24.562      676.180
      32.064        8.000       24.562      676.180
      33.067        6.000       24.562      676.180
      34.068        8.000       24.562      676.180
      35.070        7.000       24.562      676.180
      36.072       26.000       24.820      676.434
      37.074        7.000       24.820      676.434
      38.076        7.000       24.820      676.434
      39.078        7.000       24.820      676.434
      40.081        7.000       24.820      676.434
      41.083        7.000       24.820      676.434
      42.085        7.000       24.820      676.434
      43.088       26.900       25.078      676.574
      44.090        7.000       25.078      676.574
      45.093        7.000       25.078      676.574
      46.095        7.000       25.078      676.574
      47.097        8.000       25.078      676.574
      48.099        6.000       25.078      676.574
      49.101        9.000       25.078      676.574
      50.103       26.000       25.078      676.715
      51.105        7.000       25.078      676.715
      52.107        7.000       25.078      676.715
      53.109        8.000       25.078      676.715
      54.111        6.000       25.078      676.715
      55.113        7.000       25.078      676.715
      56.115       11.000       25.078      676.715
      57.116       20.000       25.594      677.195
      58.119        6.000       25.594      677.195
      59.121        7.000       25.594      677.195
      60.123        7.000       25.594      677.195
      61.125        6.000       25.594      677.195
      62.127        8.000       25.594      677.195
      63.129       19.000       25.594      677.195
      64.130       16.000       26.109      677.746
      65.133        7.000       26.109      677.746
      66.135        6.000       26.109      677.746
      67.137        7.000       26.109      677.746
      68.139        7.000       26.109      677.746
      69.142       30.900       26.883      678.527
      70.144        6.000       26.883      678.527
      71.146        7.000       26.883      678.527
      72.148        6.000       26.883      678.527
      73.151        7.000       26.883      678.527
      74.153       28.900       27.141      678.668
      75.155        7.000       27.141      678.668
      76.157        7.000       27.141      678.668
      77.159        7.000       27.141      678.668
      78.161        8.000       27.141      678.668
      79.163       22.000       27.141      678.668
      80.164       15.000       27.047      678.383
      81.166        7.000       27.047      678.383
      82.169        8.000       27.047      678.383
      83.171        7.000       27.047      678.383
      84.173        7.000       27.047      678.383
      85.175        6.000       27.047      678.383
      86.177       11.000       27.047      678.383
      87.179       25.000       27.047      678.383
      88.180        6.000       27.047      678.383
      89.182        7.000       27.047      678.383
      90.184        7.000       27.047      678.383
      91.187        7.000       27.047      678.383
      92.189        8.000       27.047      678.383
      93.191        7.000       27.047      678.383
      94.193       23.900       27.047      678.383
      95.195        7.000       27.047      678.383
      96.197        7.000       27.047      678.383
      97.200        7.000       27.047      678.383
      98.201        7.000       27.047      678.383
      99.203        6.000       27.047      678.383
     100.205        7.000       27.047      678.383
     101.207       24.900       27.047      678.383
     102.209        8.000       27.047      678.383
     103.211        7.000       27.047      678.383
     104.213        7.000       27.047      678.383
     105.215        7.000       27.047      678.383
     106.217        7.000       27.047      678.383
     107.219        7.000       27.047      678.383
     108.221       27.900       27.047      678.383
     109.223        8.000       27.047      678.383
     110.225        7.000       27.047      678.383
     111.228        5.000       27.047      678.383
     112.230        8.000       27.047      678.383
     113.232        7.000       27.047      678.383
     114.234        7.000       27.047      678.383
     115.236       30.900       27.047      678.383
     116.239        8.000       27.047      678.383
     117.241        6.000       27.047      678.383
     118.244        7.000       27.047      678.383
     119.246        7.000       27.047      678.383
     120.247        6.000       27.047      678.383
     121.248        7.000       27.047      678.383
     122.251       26.900       27.047      678.383
     123.252        6.000       27.047      678.383
     124.254        6.000       27.047      678.383
     125.255        6.000       27.047      678.383
     126.258        6.000       27.047      678.383
     127.260        7.000       27.047      678.383
     128.262        7.000       27.047      678.383
     129.265       24.900       27.047      678.383
     130.267        7.000       27.047      678.383
     131.269        7.000       27.047      678.383
     132.271        6.000       27.047      678.383
     133.273        7.000       27.047      678.383
     134.275       31.900       27.047      678.383
     135.277        6.000       27.047      678.383
     136.278        4.000       27.047      678.383
     137.280        4.000       27.047      678.383
     138.281        5.000       27.047      678.383
     139.283        4.000       27.047      678.383
     140.285       27.900       27.047      678.383
     141.287        6.000       27.047      678.383
     142.289        4.000       27.047      678.383
     143.291        6.000       27.047      678.383
     144.293        4.000       27.047      678.383
     145.295        6.000       27.047      678.383
     146.296        5.000       27.047      678.383
     147.299       27.900       27.047      678.383
     148.301        5.000       27.047      678.383
     149.303        7.000       27.047      678.383
     150.305        6.000       27.047      678.383
     151.307        8.000       27.047      678.383
     152.309        7.000       27.047      678.383
     153.311       12.000       27.047      678.383
     154.313       20.000       27.047      678.383
     155.315        7.000       27.047      678.383
     156.317        5.000       27.047      678.383
     157.319        6.000       27.047      678.383
     158.320        7.000       27.047      678.383
     159.323        5.000       27.047      678.383
     160.325        7.000       27.047      678.383
     161.327       25.900       27.047      678.586
     162.329        6.000       27.047      678.586
     163.331        7.000       27.047      678.586
     164.333        8.000       27.047      678.586
     165.335        7.000       27.047      678.586
     166.338        7.000       27.047      678.586
     167.340        6.000       27.047      678.586
     168.342       25.900       27.301      678.777
     169.345        7.000       27.301      678.777
     170.347        8.000       27.301      678.777
     171.349        6.000       27.301      678.777
     172.351        6.000       27.301      678.777
     173.354        7.000       27.301      678.777
     174.355        6.000       27.301      678.777
     175.357       25.000       27.301      678.965
     176.359        5.000       27.301      678.965
     177.361        5.000       27.301      678.965
     178.363        6.000       27.301      678.965
     179.365        7.000       27.301      678.965
     180.367        6.000       27.301      678.965
     181.369        7.000       27.301      678.965
     182.371       30.000       27.559      679.152
     183.373        7.000       27.559      679.152
     184.375        5.000       27.559      679.152
     185.377        5.000       27.559      679.152
     186.378        4.000       27.559      679.152
     187.380       30.900       27.816      679.293
     188.382        5.000       27.816      679.293
     189.383        6.000       27.816      679.293
     190.385        5.000       27.816      679.293
     191.387        6.000       27.816      679.293
     192.388        3.000       27.816      679.293
     193.389        6.000       27.816      679.293
     194.391       31.000       27.527      678.863
     195.393        7.000       27.527      678.863
     196.395        5.000       27.527      678.863
     197.396        6.000       27.527      678.863
     198.398        7.000       27.527      678.863
     199.400        6.000       27.527      678.863
     200.402        8.000       27.527      678.863
     201.405       26.900       27.527      679.203
     202.407        8.000       27.527      679.203
     203.409        7.000       27.527      679.203
     204.411        7.000       27.527      679.203
     205.413        5.000       27.527      679.203
     206.414        3.000       27.527      679.203
     207.416        7.000       27.527      679.203
     208.418       27.900       27.781      679.344
     209.420        6.000       27.781      679.344
     210.421        7.000       27.781      679.344
     211.423        5.000       27.781      679.344
     212.425        7.000       27.781      679.344
     213.426        6.000       27.781      679.344
     214.429        6.000       27.781      679.344
     215.431       28.900       28.039      679.547
     216.432        6.000       28.039      679.547
     217.434        7.000       28.039      679.547
     218.436        6.000       28.039      687.551
     219.437        4.000       28.039      687.551
     220.439        5.000       28.039      687.551
     221.441        2.000       28.039      687.551
     222.443        4.000       28.039      687.551
