# Elapsed time   CPU (%)     Real (MB)   Virtual (MB)
       0.000        0.000       15.855      603.848
       1.002        4.000       15.855      603.848
       2.004        4.000       15.855      603.848
       3.006        3.000       15.855      603.848
       4.007        3.000       15.855      603.848
       5.009       10.000       23.785      675.125
       6.011        8.000       23.785      675.125
       7.013        6.000       23.785      675.125
       8.015        8.000       23.785      675.125
       9.017        8.000       23.785      675.125
      10.019        7.000       23.785      675.125
      11.021        7.000       23.785      675.125
      12.023        7.000       23.785      675.125
      13.026        7.000       23.785      675.125
      14.028        8.000       23.785      675.125
      15.030        7.000       23.785      675.125
      16.032        7.000       23.785      675.125
      17.034        5.000       23.785      675.125
      18.037        5.000       23.785      675.125
      19.039        6.000       23.785      675.125
      20.041       23.000       24.031      675.285
      21.042        6.000       24.031      675.285
      22.045        7.000       24.031      675.285
      23.047        6.000       24.031      675.285
      24.049        6.000       24.031      675.285
      25.051        4.000       24.031      675.285
      26.053        7.000       24.031      675.285
      27.055       22.900       24.289      675.680
      28.057        6.000       24.289      675.680
      29.059        6.000       24.289      675.680
      30.062        7.000       24.289      675.680
      31.064        6.000       24.289      675.680
      32.066       27.900       24.805      676.180
      33.068        7.000       24.805      676.180
      34.071        7.000       24.805      676.180
      35.073        7.000       24.805      676.180
      36.075        6.000       24.805      676.180
      37.077       28.000       25.062      676.438
      38.079        8.000       25.062      676.438
      39.080        7.000       25.062      676.438
      40.083        7.000       25.062      676.438
      41.085        7.000       25.062      676.438
      42.087        7.000       25.062      676.438
      43.089        7.000       25.062      676.438
      44.091       25.900       25.320      676.578
      45.093        7.000       25.320      676.578
      46.095        7.000       25.320      676.578
      47.097        7.000       25.320      676.578
      48.099        7.000       25.320      676.578
      49.102        6.000       25.320      676.578
      50.104       11.000       25.320      676.578
      51.106       23.000       25.320      676.730
      52.108        7.000       25.320      676.730
      53.111        7.000       25.320      676.730
      54.113        7.000       25.320      676.730
      55.115        7.000       25.320      676.730
      56.117        6.000       25.320      676.730
      57.118       13.000       25.320      676.730
      58.120       18.000       25.836      677.191
      59.122        6.000       25.836      677.191
      60.124        7.000       25.836      677.191
      61.127        8.000       25.836      677.191
      62.129        6.000       25.836      677.191
      63.131        7.000       25.836      677.191
      64.132       24.000       25.836      677.191
      65.134       12.000       25.836      677.191
      66.136        6.000       25.836      677.191
      67.138        7.000       25.836      677.191
      68.140        6.000       25.836      677.191
      69.142        7.000       25.836      677.191
      70.144       27.900       26.094      677.539
      71.147        6.000       26.094      677.539
      72.149        7.000       26.094      677.539
      73.150        7.000       26.094      677.539
      74.152        7.000       26.094      677.539
      75.153       30.000       26.352      677.711
      76.156        6.000       26.352      677.711
      77.158        7.000       26.352      677.711
      78.160        8.000       26.352      677.711
      79.163        6.000       26.352      677.711
      80.164       25.000       26.352      677.711
      81.166       12.000       26.609      677.852
      82.168        6.000       26.609      677.852
      83.170        8.000       26.609      677.852
      84.172        7.000       26.609      677.852
      85.175        6.000       26.609      677.852
      86.177        7.000       26.609      677.852
      87.179       12.000       26.609      677.852
      88.180       21.000       26.461      677.551
      89.183        7.000       26.461      677.551
      90.185        6.000       26.461      677.551
      91.188        7.000       26.461      677.551
      92.190        7.000       26.461      677.551
      93.192        8.000       26.461      677.551
      94.194        6.000       26.461      677.551
      95.196       24.900       26.461      677.551
      96.198        6.000       26.461      677.551
      97.200        7.000       26.461      677.551
      98.203        7.000       26.461      677.551
      99.205        7.000       26.461      677.551
     100.207        7.000       26.461      677.551
     101.208       10.000       26.461      677.551
     102.210       22.000       26.461      677.551
     103.213        7.000       26.461      677.551
     104.215        7.000       26.461      677.551
     105.217        8.000       26.461      677.551
     106.219        6.000       26.461      677.551
     107.221        7.000       26.461      677.551
     108.222        8.000       26.461      677.551
     109.224       25.900       26.461      677.691
     110.226        6.000       26.461      677.691
     111.229        8.000       26.461      677.691
     112.231        7.000       26.461      677.691
     113.232        7.000       26.461      677.691
     114.235        7.000       26.461      677.691
     115.237        6.000       26.461      677.691
     116.238       29.000       26.461      677.691
     117.240        7.000       26.461      677.691
     118.242        6.000       26.461      677.691
     119.245        7.000       26.461      677.691
     120.247        7.000       26.461      677.691
     121.249        7.000       26.461      677.691
     122.251        6.000       26.461      677.691
     123.252       26.000       26.461      677.691
     124.255        7.000       26.461      677.691
     125.257        7.000       26.461      677.691
     126.259        6.000       26.461      677.691
     127.261        7.000       26.461      677.691
     128.263        7.000       26.461      677.691
     129.265        7.000       26.461      677.691
     130.267       24.900       26.973      678.242
     131.268        7.000       26.973      678.242
     132.271        7.000       26.973      678.242
     133.273        7.000       26.973      678.242
     134.275        7.000       26.973      678.242
     135.277       30.900       26.402      677.547
     136.280        7.000       26.402      677.547
     137.281        7.000       26.402      677.547
     138.283        7.000       26.402      677.547
     139.286        7.000       26.402      677.547
     140.288        7.000       26.402      677.547
     141.290       27.900       26.402      677.547
     142.293        6.000       26.402      677.547
     143.295        6.000       26.402      677.547
     144.297        7.000       26.402      677.547
     145.299        6.000       26.402      677.547
     146.301        6.000       26.402      677.547
     147.303        7.000       26.402      677.547
     148.305       27.900       26.402      677.547
     149.307        7.000       26.402      677.547
     150.308        7.000       26.402      677.547
     151.310        7.000       26.402      677.547
     152.313        7.000       26.402      677.547
     153.315        8.000       26.402      677.547
     154.316       12.000       26.402      677.547
     155.318       17.000       26.402      677.547
     156.320        6.000       26.402      677.547
     157.322        6.000       26.402      677.547
     158.325        7.000       26.402      677.547
     159.327        6.000       26.402      677.547
     160.329        7.000       26.402      677.547
     161.330        7.000       26.402      677.547
     162.333       23.900       26.402      677.688
     163.335        7.000       26.402      677.688
     164.337        8.000       26.402      677.688
     165.339        7.000       26.402      677.688
     166.342        7.000       26.402      677.688
     167.344        7.000       26.402      677.688
     168.346        8.000       26.402      677.688
     169.348       26.900       26.660      677.992
     170.350        7.000       26.660      677.992
     171.353        8.000       26.660      677.992
     172.354        6.000       26.660      677.992
     173.356        7.000       26.660      677.992
     174.357        7.000       26.660      677.992
     175.359        8.000       26.660      677.992
     176.362       24.900       26.918      678.309
     177.364        7.000       26.918      678.309
     178.366        5.000       26.918      678.309
     179.367        4.000       26.918      678.309
     180.370        7.000       26.918      678.309
     181.372        6.000       26.918      678.309
     182.374        8.000       26.918      678.309
     183.376       31.900       27.434      678.656
     184.379        6.000       27.434      678.656
     185.381        7.000       27.434      678.656
     186.382        8.000       27.434      678.656
     187.385        6.000       27.434      678.656
     188.387       31.900       27.434      678.797
     189.389        8.000       27.434      678.797
     190.391        6.000       27.434      678.797
     191.393        8.000       27.434      678.797
     192.395        8.000       27.434      678.797
     193.397        6.000       27.434      678.797
     194.399        7.000       27.434      678.797
     195.401       30.900       27.312      678.551
     196.403        7.000       27.312      678.551
     197.405        7.000       27.312      678.551
     198.408        7.000       27.312      678.551
     199.410        7.000       27.312      678.551
     200.412        8.000       27.312      678.551
     201.415        7.000       27.312      678.551
     202.417       27.900       27.312      678.699
     203.419        8.000       27.312      678.699
     204.421        7.000       27.312      678.699
     205.423        7.000       27.312      678.699
     206.425        6.000       27.312      678.699
     207.427        8.000       27.312      678.699
     208.429        7.000       27.312      678.699
     209.431       27.900       27.570      678.840
     210.433        5.000       27.570      678.840
     211.435        7.000       27.570      678.840
     212.437        6.000       27.570      678.840
     213.440        7.000       27.570      678.840
     214.442        6.000       27.570      678.840
     215.444        6.000       27.570      678.840
     216.446       28.000       27.570      678.980
     217.447        5.000       27.570      678.980
     218.450        6.000       27.570      678.980
     219.452        6.000       27.570      686.984
     220.455        4.000       27.570      686.984
     221.457        5.000       27.570      686.984
     222.459        3.000       27.570      686.984
     223.461        4.000       27.570      686.984
     224.463        5.000       27.570      686.984
