# Elapsed time   CPU (%)     Real (MB)   Virtual (MB)
       0.000        0.000       15.488      603.848
       1.002        3.000       15.488      603.848
       2.004        5.000       15.488      603.848
       3.006        3.000       15.488      603.848
       4.008        5.000       20.578      672.160
       5.010        7.000       20.578      672.160
       6.013        8.000       20.578      672.160
       7.015        7.000       20.578      672.160
       8.017        6.000       20.578      672.160
       9.019        8.000       20.578      672.160
      10.021        6.000       20.578      672.160
      11.023        8.000       20.578      672.160
      12.025        7.000       20.578      672.160
      13.027        6.000       20.578      672.160
      14.029        8.000       20.578      672.160
      15.031        7.000       20.578      672.160
      16.033        5.000       20.578      672.160
      17.035        6.000       20.578      672.160
      18.037        6.000       20.578      672.160
      19.039       11.000       20.844      672.301
      20.041        7.000       20.844      672.301
      21.043        6.000       20.844      672.301
      22.045        6.000       20.844      672.301
      23.046        6.000       20.844      672.301
      24.048        6.000       20.844      672.301
      25.050        7.000       20.844      672.301
      26.053       12.000       21.102      672.531
      27.055        7.000       21.102      672.531
      28.057        6.000       21.102      672.531
      29.059        7.000       21.102      672.531
      30.061        6.000       21.102      672.531
      31.063       15.000       21.102      672.703
      32.065        7.000       21.102      672.703
      33.067        8.000       21.102      672.703
      34.068        6.000       21.102      672.703
      35.070        8.000       21.102      672.703
      36.072        6.000       21.102      672.703
      37.074       14.000       21.359      672.844
      38.076        8.000       21.359      672.844
      39.078        7.000       21.359      672.844
      40.080        7.000       21.359      672.844
      41.083        8.000       21.359      672.844
      42.085        6.000       21.359      672.844
      43.087        6.000       21.359      672.844
      44.089       14.000       21.148      672.449
      45.090        5.000       21.148      672.449
      46.091        5.000       21.148      672.449
      47.093        6.000       21.148      672.449
      48.095        4.000       21.148      672.449
      49.097        4.000       21.148      672.449
      50.099       12.000       21.148      672.742
      51.101        4.000       21.148      672.742
      52.102        6.000       21.148      672.742
      53.104        4.000       21.148      672.742
      54.107        7.000       21.148      672.742
      55.109        6.000       21.148      672.742
      56.111        6.000       21.148      672.742
      57.113       14.000       21.402      672.883
      58.114        6.000       21.402      672.883
      59.116        6.000       21.402      672.883
      60.118        6.000       21.402      672.883
      61.121        7.000       21.402      672.883
      62.123        5.000       21.402      672.883
      63.125        7.000       21.402      672.883
      64.127       15.000       21.402      673.035
      65.129        6.000       21.402      673.035
      66.131        6.000       21.402      673.035
      67.133        4.000       21.402      673.035
      68.135        4.000       21.402      673.035
      69.137       13.000       21.660      673.336
      70.138        2.000       21.660      673.336
      71.139        3.000       21.660      673.336
      72.141        3.000       21.660      673.336
      73.142        5.000       21.660      673.336
      74.144        7.000       21.660      673.336
      75.147       16.000       21.918      673.477
      76.149        7.000       21.918      673.477
      77.151        5.000       21.918      673.477
      78.153        7.000       21.918      673.477
      79.155        7.000       21.918      673.477
      80.157       18.000       21.609      672.910
      81.159        5.000       21.609      672.910
      82.161        7.000       21.609      672.910
      83.163        7.000       21.609      672.910
      84.165        7.000       21.609      672.910
      85.167        7.000       21.609      672.910
      86.169        7.000       21.609      672.910
      87.171       15.000       21.609      673.051
      88.173        7.000       21.609      673.051
      89.175        6.000       21.609      673.051
      90.177        8.000       21.609      673.051
      91.179        7.000       21.609      673.051
      92.181        7.000       21.609      673.051
      93.183        8.000       21.609      673.051
      94.185       13.000       21.609      673.191
      95.187        7.000       21.609      673.191
      96.189        8.000       21.609      673.191
      97.191        6.000       21.609      673.191
      98.193        7.000       21.609      673.191
      99.195        7.000       21.609      673.191
     100.197        7.000       21.609      673.191
     101.199       14.000       21.609      672.910
     102.201        7.000       21.609      672.910
     103.203        4.000       21.609      672.910
     104.205        7.000       21.609      672.910
     105.206        6.000       21.609      672.910
     106.208        5.000       21.609      672.910
     107.211        4.000       21.609      672.910
     108.213       14.000       21.609      673.051
     109.215        4.000       21.609      673.051
     110.216        3.000       21.609      673.051
     111.217        5.000       21.609      673.051
     112.219        6.000       21.609      673.051
     113.221        6.000       21.609      673.051
     114.223        7.000       21.609      673.051
     115.225       16.000       21.609      673.051
     116.227        6.000       21.609      673.051
     117.229        7.000       21.609      673.051
     118.231        6.000       21.609      673.051
     119.234        6.000       21.609      673.051
     120.235        8.000       21.609      673.051
     121.237        6.000       21.609      673.051
     122.239       15.000       21.609      673.051
     123.241        7.000       21.609      673.051
     124.243        6.000       21.609      673.051
     125.244        7.000       21.609      673.051
     126.246        4.000       21.609      673.051
     127.248        4.000       21.609      673.051
     128.250        3.000       21.609      673.051
     129.252       10.000       21.609      673.051
     130.253        3.000       21.609      673.051
     131.254        3.000       21.609      673.051
     132.256        3.000       21.609      673.051
     133.257        3.000       21.609      673.051
     134.258       16.000       21.609      673.191
     135.260        4.000       21.609      673.191
     136.262        5.000       21.609      673.191
     137.265        4.000       21.609      673.191
     138.266        2.000       21.609      673.191
     139.267        4.000       21.609      673.191
     140.269        5.000       21.609      673.191
     141.270       15.000       21.863      673.332
     142.272        6.000       21.863      673.332
     143.274        3.000       21.863      673.332
     144.276        4.000       21.863      673.332
     145.278        3.000       21.863      673.332
     146.280        5.000       21.863      673.332
     147.281       13.000       21.719      673.020
     148.283        5.000       21.719      673.020
     149.285        2.000       21.719      673.020
     150.286        7.000       21.719      673.020
     151.289        6.000       21.719      673.020
     152.291        8.000       21.719      673.020
     153.293        6.000       21.719      673.020
     154.295       14.000       21.719      673.020
     155.296        6.000       21.719      673.020
     156.297        7.000       21.719      673.020
     157.299        6.000       21.719      673.020
     158.301        6.000       21.719      673.020
     159.302        7.000       21.719      673.020
     160.304        6.000       21.719      673.020
     161.307       16.000       21.719      673.020
     162.309        7.000       21.719      673.020
     163.311        7.000       21.719      673.020
     164.313        8.000       21.719      673.020
     165.315        7.000       21.719      673.020
     166.318        7.000       21.719      673.020
     167.320        7.000       21.719      673.020
     168.322       15.000       21.719      673.020
     169.324        8.000       21.719      673.020
     170.326        7.000       21.719      673.020
     171.329        7.000       21.719      673.020
     172.331        6.000       21.719      673.020
     173.333        5.000       21.719      673.020
     174.335        6.000       21.719      673.020
     175.337       15.000       21.719      673.020
     176.339        6.000       21.719      673.020
     177.341        7.000       21.719      673.020
     178.343        6.000       21.719      673.020
     179.345        6.000       21.719      673.020
     180.348        5.000       21.719      673.020
     181.350        6.000       21.719      673.020
     182.351       18.000       21.719      673.195
     183.353        5.000       21.719      673.195
     184.355        6.000       21.719      673.195
     185.357        7.000       21.719      673.195
     186.359        6.000       21.719      673.195
     187.361       17.000       21.719      673.336
     188.363        5.000       21.719      673.336
     189.365        5.000       21.719      673.336
     190.367        6.000       21.719      673.336
     191.369        7.000       21.719      673.336
     192.370        7.000       21.719      673.336
     193.372        6.000       21.719      673.336
     194.374       17.000       21.734      673.035
     195.377        6.000       21.734      673.035
     196.379        7.000       21.734      673.035
     197.381        7.000       21.734      673.035
     198.383        7.000       21.734      673.035
     199.385        6.000       21.734      673.035
     200.387        6.000       21.734      673.035
     201.389       18.000       21.734      673.250
     202.391        6.000       21.734      673.250
     203.393        8.000       21.734      673.250
     204.395        7.000       21.734      673.250
     205.397        7.000       21.734      673.250
     206.399        6.000       21.734      673.250
     207.401        7.000       21.734      673.250
     208.403       15.000       21.988      673.422
     209.405        7.000       21.988      673.422
     210.407        7.000       21.988      673.422
     211.409        5.000       21.988      673.422
     212.411        7.000       21.988      673.422
     213.413        6.000       21.988      673.422
     214.415        6.000       21.988      673.422
     215.417       18.000       21.988      673.562
     216.418        4.000       21.988      673.562
     217.420        6.000       21.988      673.562
     218.422        5.000       21.988      673.562
     219.424        4.000       21.988      681.566
     220.426        4.000       21.988      681.566
     221.429        4.000       21.988      681.566
     222.431        5.000       21.988      681.566
     223.433        4.000       21.988      681.566
     224.435        2.000       21.988      681.566
     225.438        5.000       21.988      681.566
     226.440        4.000       21.988      681.566
