# Elapsed time   CPU (%)     Real (MB)   Virtual (MB)
       0.000        0.000       15.473      539.848
       1.002       10.000       15.473      539.848
       2.005        9.000       15.473      539.848
       3.006        5.000       15.473      539.848
       4.008       14.000       20.410      672.160
       5.010       12.000       20.410      672.160
       6.012       12.000       20.410      672.160
       7.014       13.000       20.410      672.160
       8.016       13.000       20.410      672.160
       9.019       14.000       20.410      672.160
      10.020       14.000       20.410      672.160
      11.022        9.000       20.410      672.160
      12.024       14.000       20.410      672.160
      13.025       12.000       20.410      672.160
      14.027        8.000       20.410      672.160
      15.028       10.000       20.410      672.160
      16.029       11.000       20.410      672.160
      17.031        9.000       20.410      672.160
      18.033        8.000       20.410      672.160
      19.035       17.000       20.719      672.305
      20.037       13.000       20.719      672.305
      21.039       13.000       20.719      672.305
      22.041       13.000       20.719      672.305
      23.043       12.000       20.719      672.305
      24.045       13.000       20.719      672.305
      25.047       14.000       20.719      672.305
      26.048       17.000       20.719      672.531
      27.051       13.000       20.719      672.531
      28.053       14.000       20.719      672.531
      29.054       13.000       20.719      672.531
      30.057       13.000       20.719      672.531
      31.059       12.000       20.719      672.531
      32.061       21.000       20.977      672.703
      33.063       12.000       20.977      672.703
      34.064       13.000       20.977      672.703
      35.066       12.000       20.977      672.703
      36.067       12.000       20.977      672.703
      37.069       19.000       21.234      672.844
      38.071       13.000       21.234      672.844
      39.073       12.000       21.234      672.844
      40.075       12.000       21.234      672.844
      41.077       13.000       21.234      672.844
      42.079       11.000       21.234      672.844
      43.081       15.000       21.234      672.844
      44.083       19.000       21.020      672.449
      45.085       14.000       21.020      672.449
      46.086       13.000       21.020      672.449
      47.088       13.000       21.020      672.449
      48.090       14.000       21.020      672.449
      49.092       14.000       21.020      672.449
      50.095       19.000       21.273      672.902
      51.097       13.000       21.273      672.902
      52.099       14.000       21.273      672.902
      53.100       12.000       21.273      672.902
      54.102       14.000       21.273      672.902
      55.104       14.000       21.273      672.902
      56.106       12.000       21.273      672.902
      57.108       21.000       21.273      673.059
      58.110       13.000       21.273      673.059
      59.112       13.000       21.273      673.059
      60.114       14.000       21.273      673.059
      61.116       14.000       21.273      673.059
      62.117       13.000       21.273      673.059
      63.119       14.000       21.273      673.059
      64.121       22.000       21.531      673.246
      65.123       12.000       21.531      673.246
      66.125       14.000       21.531      673.246
      67.127       14.000       21.531      673.246
      68.129       11.000       21.531      673.246
      69.130       22.000       21.789      673.500
      70.132       13.000       21.789      673.500
      71.134       12.000       21.789      673.500
      72.136       13.000       21.789      673.500
      73.137       12.000       21.789      673.500
      74.139       12.000       21.789      673.500
      75.141       22.900       22.047      673.641
      76.143       14.000       22.047      673.641
      77.145       13.000       22.047      673.641
      78.148       14.900       22.047      673.641
      79.150       14.000       22.047      673.641
      80.152       21.000       21.562      672.992
      81.154       15.000       21.562      672.992
      82.156       13.000       21.562      672.992
      83.158       13.000       21.562      672.992
      84.160       13.000       21.562      672.992
      85.162       14.000       21.562      672.992
      86.165       12.000       21.562      672.992
      87.167       21.000       21.816      673.617
      88.169       14.000       21.816      673.617
      89.171       11.000       21.816      673.617
      90.173       12.000       21.816      673.617
      91.175       13.000       21.816      673.617
      92.177       13.000       21.816      673.617
      93.179       14.000       21.816      673.617
      94.181       21.000       22.074      673.758
      95.183       12.000       22.074      673.758
      96.185       13.000       22.074      673.758
      97.187       12.000       22.074      673.758
      98.189       13.000       22.074      673.758
      99.190       14.000       22.074      673.758
     100.192       12.000       22.074      673.758
     101.194       20.000       22.074      673.758
     102.196       14.000       22.074      673.758
     103.198       14.000       22.074      673.758
     104.200       14.000       22.074      673.758
     105.202       14.000       22.074      673.758
     106.204       14.000       22.074      673.758
     107.205       13.000       22.074      673.758
     108.207       22.000       22.074      673.758
     109.209       13.000       22.074      673.758
     110.211       13.000       22.074      673.758
     111.213       15.000       22.074      673.758
     112.215       14.000       22.074      673.758
     113.217       14.000       22.074      673.758
     114.219       14.000       22.074      673.758
     115.221       22.000       22.074      673.758
     116.223       12.000       22.074      673.758
     117.225       14.000       22.074      673.758
     118.227       12.000       22.074      673.758
     119.229       11.000       22.074      673.758
     120.231       14.000       22.074      673.758
     121.233       14.000       22.074      673.758
     122.234       19.000       22.074      673.758
     123.236       14.000       22.074      673.758
     124.239       13.000       22.074      673.758
     125.241       10.000       22.074      673.758
     126.243       14.000       22.074      673.758
     127.244       13.000       22.074      673.758
     128.247       12.000       22.074      673.758
     129.249       22.000       22.332      673.953
     130.251       13.000       22.332      673.953
     131.253       13.000       22.332      673.953
     132.255       12.000       22.332      673.953
     133.257       15.000       22.332      673.953
     134.259       19.000       22.332      673.953
     135.261       16.000       22.332      674.094
     136.262       15.000       22.332      674.094
     137.264       13.000       22.332      674.094
     138.267       13.000       22.332      674.094
     139.269       15.000       22.332      674.094
     140.271       12.000       22.332      674.094
     141.273       24.000       22.191      673.828
     142.275       15.000       22.191      673.828
     143.277       13.000       22.191      673.828
     144.279       14.000       22.191      673.828
     145.281       13.000       22.191      673.828
     146.283       13.000       22.191      673.828
     147.285       20.000       22.191      673.980
     148.287       13.000       22.191      673.980
     149.289       13.000       22.191      673.980
     150.291       15.000       22.191      673.980
     151.293       12.000       22.191      673.980
     152.295       14.000       22.191      673.980
     153.297       13.000       22.191      673.980
     154.299       20.000       22.449      674.121
     155.301       13.000       22.449      674.121
     156.303       14.000       22.449      674.121
     157.305       13.000       22.449      674.121
     158.308       13.000       22.449      674.121
     159.309       13.000       22.449      674.121
     160.311       13.000       22.449      674.121
     161.313       21.000       22.488      673.918
     162.315       15.000       22.488      673.918
     163.317       13.000       22.488      673.918
     164.319       11.000       22.488      673.918
     165.321       13.000       22.488      673.918
     166.323       15.000       22.488      673.918
     167.325       12.000       22.488      673.918
     168.327       21.000       22.488      674.059
     169.329       13.000       22.488      674.059
     170.331       13.000       22.488      674.059
     171.333       14.000       22.488      674.059
     172.335       13.000       22.488      674.059
     173.337       12.000       22.488      674.059
     174.338       14.000       22.488      674.059
     175.341       23.000       22.488      674.199
     176.343       13.000       22.488      674.199
     177.344       14.000       22.488      674.199
     178.346       12.000       22.488      674.199
     179.349       13.000       22.488      674.199
     180.351       12.000       22.488      674.199
     181.353       15.000       22.488      674.199
     182.354       22.000       22.527      673.957
     183.356       14.000       22.527      673.957
     184.358       14.000       22.527      673.957
     185.359       14.000       22.527      673.957
     186.361       14.000       22.527      673.957
     187.364       14.000       22.527      673.957
     188.365       25.000       22.527      674.086
     189.368       13.000       22.527      674.086
     190.369       16.000       22.527      674.086
     191.371       13.000       22.527      674.086
     192.373       14.000       22.527      674.086
     193.375       12.000       22.527      674.086
     194.377       18.000       22.527      674.086
     195.378       19.000       22.527      674.227
     196.380       15.000       22.527      674.227
     197.383       12.000       22.527      674.227
     198.385       14.000       22.527      674.227
     199.386       14.000       22.527      674.227
     200.389       11.000       22.527      674.227
     201.391       15.000       22.527      674.227
     202.393       22.000       22.516      673.945
     203.394       12.000       22.516      673.945
     204.396       13.000       22.516      673.945
     205.398       13.000       22.516      673.945
     206.400       12.000       22.516      673.945
     207.402       13.000       22.516      673.945
     208.404       12.000       22.516      673.945
     209.405       22.000       22.516      674.105
     210.407       12.000       22.516      674.105
     211.409       13.000       22.516      674.105
     212.411       13.000       22.516      674.105
     213.413       13.000       22.516      674.105
     214.415       13.000       22.516      674.105
     215.417       12.000       22.516      674.105
     216.419       24.900       22.516      674.246
     217.421        9.000       22.516      674.246
     218.423       11.000       22.516      674.246
     219.425       10.000       22.516      682.250
     220.427       11.000       22.516      682.250
     221.429        4.000       22.516      682.250
     222.431        8.000       22.516      682.250
