# Elapsed time   CPU (%)     Real (MB)   Virtual (MB)
       0.000        0.000       15.488      539.848
       1.002       11.000       15.488      539.848
       2.004        9.000       15.488      539.848
       3.006        7.000       15.488      539.848
       4.007       15.000       20.633      672.160
       5.009       10.000       20.633      672.160
       6.012       15.000       20.633      672.160
       7.013       13.000       20.633      672.160
       8.015       13.000       20.633      672.160
       9.018       13.000       20.633      672.160
      10.019       14.000       20.633      672.160
      11.022       13.000       20.633      672.160
      12.024       13.000       20.633      672.160
      13.026       13.000       20.633      672.160
      14.027       13.000       20.633      672.160
      15.029       13.000       20.633      672.160
      16.031       14.000       20.633      672.160
      17.033       11.000       20.633      672.160
      18.035       15.000       20.633      672.160
      19.037       18.000       20.602      672.254
      20.039       12.000       20.602      672.254
      21.041       14.000       20.602      672.254
      22.043       13.000       20.602      672.254
      23.046       14.000       20.602      672.254
      24.047       15.000       20.602      672.254
      25.049       14.000       20.602      672.254
      26.051       18.000       20.602      672.254
      27.052       14.000       20.855      672.500
      28.054       13.000       20.855      672.500
      29.055       13.000       20.855      672.500
      30.058       14.000       20.855      672.500
      31.059       14.000       20.855      672.500
      32.061       21.000       21.113      672.641
      33.062       13.000       21.113      672.641
      34.064       16.000       21.113      672.641
      35.066       12.000       21.113      672.641
      36.067       14.000       21.113      672.641
      37.069       20.000       21.113      672.781
      38.071       14.000       21.113      672.781
      39.073       14.000       21.113      672.781
      40.075       13.000       21.113      672.781
      41.076       12.000       21.113      672.781
      42.078       13.000       21.113      672.781
      43.079       14.000       21.113      672.781
      44.082       21.000       21.105      672.395
      45.083       12.000       21.105      672.395
      46.085       13.000       21.105      672.395
      47.087       13.000       21.105      672.395
      48.089       15.000       21.105      672.395
      49.091       12.000       21.105      672.395
      50.093       20.000       21.105      672.730
      51.095       12.000       21.105      672.730
      52.097       13.000       21.105      672.730
      53.099       13.000       21.105      672.730
      54.101       14.000       21.105      672.730
      55.103       13.000       21.105      672.730
      56.105       12.000       21.105      672.730
      57.108       20.000       21.094      672.383
      58.110       15.000       21.094      672.383
      59.112       13.000       21.094      672.383
      60.114       12.000       21.094      672.383
      61.116       15.000       21.094      672.383
      62.118       11.000       21.094      672.383
      63.120       14.000       21.094      672.383
      64.121       21.000       21.348      672.789
      65.123       12.000       21.348      672.789
      66.125       14.000       21.348      672.789
      67.127       15.000       21.348      672.789
      68.129       12.000       21.348      672.789
      69.131       22.000       21.348      672.789
      70.133       13.000       21.348      672.996
      71.135       14.000       21.348      672.996
      72.137       12.000       21.348      672.996
      73.138       13.000       21.348      672.996
      74.139       13.000       21.348      672.996
      75.141       21.000       21.605      673.137
      76.143       13.000       21.605      673.137
      77.145       12.000       21.605      673.137
      78.147       15.000       21.605      673.137
      79.149       12.000       21.605      673.137
      80.151       22.000       21.391      672.680
      81.153       14.000       21.391      672.680
      82.155       14.000       21.391      672.680
      83.157       11.000       21.391      672.680
      84.159       14.000       21.391      672.680
      85.161       13.000       21.391      672.680
      86.163       14.000       21.391      672.680
      87.165       22.000       21.391      672.957
      88.167       14.000       21.391      672.957
      89.169       12.000       21.391      672.957
      90.171       15.000       21.391      672.957
      91.174       13.000       21.391      672.957
      92.175       13.000       21.391      672.957
      93.178       13.000       21.391      672.957
      94.179       21.000       21.395      672.684
      95.182       13.000       21.395      672.684
      96.183       14.000       21.395      672.684
      97.185       13.000       21.395      672.684
      98.187       12.000       21.395      672.684
      99.189       12.000       21.395      672.684
     100.191       14.000       21.395      672.684
     101.193       20.000       21.395      672.684
     102.195       14.000       21.395      672.684
     103.197       13.000       21.395      672.684
     104.199       12.000       21.395      672.684
     105.201       15.000       21.395      672.684
     106.203       14.000       21.395      672.684
     107.206       12.000       21.395      672.684
     108.207       20.000       21.395      672.684
     109.210       14.000       21.395      672.684
     110.211       13.000       21.395      672.684
     111.214       13.000       21.395      672.684
     112.215       12.000       21.395      672.684
     113.218       12.000       21.395      672.684
     114.219       14.000       21.395      672.684
     115.221       22.000       21.395      672.684
     116.223       13.000       21.395      672.684
     117.225       14.000       21.395      672.684
     118.226       13.000       21.395      672.684
     119.227       12.000       21.395      672.684
     120.230       13.000       21.395      672.684
     121.231       14.000       21.395      672.684
     122.233       20.000       21.395      672.684
     123.235       15.000       21.395      672.684
     124.238       14.000       21.395      672.684
     125.239       12.000       21.395      672.684
     126.242       12.000       21.395      672.684
     127.243       14.000       21.395      672.684
     128.246       12.000       21.395      672.684
     129.247       25.000       21.395      672.820
     130.250       13.000       21.395      672.820
     131.250       12.000       21.395      672.820
     132.253       13.000       21.395      672.820
     133.255       14.000       21.395      672.820
     134.257       13.000       21.395      672.820
     135.259       24.000       21.395      672.961
     136.261       13.000       21.395      672.961
     137.263       13.000       21.395      672.961
     138.265       14.000       21.395      672.961
     139.266       13.000       21.395      672.961
     140.267       12.000       21.395      672.961
     141.269       23.900       21.453      672.742
     142.271       15.000       21.453      672.742
     143.273       13.000       21.453      672.742
     144.274       12.000       21.453      672.742
     145.276       13.000       21.453      672.742
     146.277       13.000       21.453      672.742
     147.278       18.000       21.453      672.742
     148.279       18.000       21.453      672.926
     149.282       12.000       21.453      672.926
     150.283       14.000       21.453      672.926
     151.286       13.000       21.453      672.926
     152.287       13.000       21.453      672.926
     153.289       13.000       21.453      672.926
     154.291       20.000       21.441      672.730
     155.294       12.000       21.441      672.730
     156.296       13.000       21.441      672.730
     157.298       13.000       21.441      672.730
     158.299       14.000       21.441      672.730
     159.301       12.000       21.441      672.730
     160.303       15.000       21.441      672.730
     161.305       19.000       21.441      672.730
     162.307       13.000       21.441      672.730
     163.309       13.000       21.441      672.730
     164.311       12.000       21.441      672.730
     165.313       14.000       21.441      672.730
     166.315       14.000       21.441      672.730
     167.317       11.000       21.441      672.730
     168.319       23.900       21.441      672.730
     169.321       12.000       21.441      672.730
     170.323       13.000       21.441      672.730
     171.326       14.000       21.441      672.730
     172.327       13.000       21.441      672.730
     173.330       13.000       21.441      672.730
     174.331       14.000       21.441      672.730
     175.333       22.000       21.441      672.926
     176.335       11.000       21.441      672.926
     177.338       14.000       21.441      672.926
     178.340       12.000       21.441      672.926
     179.342       14.000       21.441      672.926
     180.343       14.000       21.441      672.926
     181.345       13.000       21.441      672.926
     182.347       22.000       21.441      672.926
     183.348       15.000       21.695      673.191
     184.350       14.000       21.695      673.191
     185.351       12.000       21.695      673.191
     186.354       12.000       21.695      673.191
     187.355       13.000       21.695      673.191
     188.357       24.000       21.695      673.332
     189.360       14.000       21.695      673.332
     190.362       14.000       21.695      673.332
     191.363       12.000       21.695      673.332
     192.365       13.000       21.695      673.332
     193.367       13.000       21.695      673.332
     194.369       12.000       21.695      673.332
     195.371       24.900       21.520      672.809
     196.374       12.000       21.520      672.809
     197.375       13.000       21.520      672.809
     198.377       12.000       21.520      672.809
     199.379       13.000       21.520      672.809
     200.381       13.000       21.520      672.809
     201.383       12.000       21.520      672.809
     202.385       23.900       21.773      673.207
     203.387       11.000       21.773      673.207
     204.390       14.000       21.773      673.207
     205.391       14.000       21.773      673.207
     206.394       13.000       21.773      673.207
     207.395       14.000       21.773      673.207
     208.397       15.000       21.773      673.207
     209.399       21.000       21.773      673.348
     210.402       13.000       21.773      673.348
     211.403       13.000       21.773      673.348
     212.405       12.000       21.773      673.348
     213.407       12.000       21.773      673.348
     214.410       13.000       21.773      673.348
     215.411       12.000       21.773      673.348
     216.413       25.000       22.031      673.488
     217.415       14.000       22.031      673.488
     218.418       14.000       22.031      673.488
     219.419       12.000       22.031      681.492
     220.421       11.000       22.031      681.492
     221.423       10.000       22.031      681.492
     222.425       12.000       22.031      681.492
     223.428       10.000       22.031      681.492
     224.430       10.000       22.031      681.492
     225.432       12.000       22.031      681.492
     226.434       11.000       22.031      681.492
     227.437        9.000       22.031      681.492
     228.439       11.000       22.031      681.492
     229.441       10.000       22.031      681.492
     230.443       11.000       22.031      681.492
     231.446       11.000       22.031      681.492
     232.447       11.000       22.031      681.492
     233.450       10.000       22.031      681.492
     234.452       10.000       22.031      681.492
     235.454       10.000       22.031      681.492
     236.456       10.000       22.031      681.492
     237.458       10.000       22.031      681.492
     238.459       11.000       22.031      681.492
     239.462        8.000       22.031      681.492
     240.464       10.000       22.031      681.492
     241.466       11.000       22.031      681.492
     242.468       10.000       22.031      681.492
     243.470       10.000       22.031      681.492
     244.471        6.000       22.031      681.492
     245.474        9.000       22.031      681.492
     246.476       11.000       22.031      681.492
     247.478       12.000       22.031      681.492
     248.479       10.000       22.031      681.492
     249.482        8.000       22.031      681.492
