# Elapsed time   CPU (%)     Real (MB)   Virtual (MB)
       0.000        0.000       15.422      539.848
       1.002        9.000       15.422      539.848
       2.004       10.000       15.422      539.848
       3.006       11.000       15.422      539.848
       4.008       10.000       15.422      539.848
       5.011       11.000       15.422      539.848
       6.013       10.000       15.422      539.848
       7.013        8.000       15.422      603.848
       8.015       16.000       28.004      679.508
       9.017       14.000       28.004      679.508
      10.020       13.000       28.004      679.508
      11.022       14.000       28.004      679.508
      12.023       14.000       28.004      679.508
      13.025       11.000       28.004      679.508
      14.028       12.000       28.004      679.508
      15.030       14.000       28.004      679.508
      16.032        8.000       28.004      679.508
      17.033       11.000       28.004      679.508
      18.035       12.000       28.004      679.508
      19.037       10.000       28.004      679.508
      20.039       12.000       28.004      679.508
      21.041       13.000       28.004      679.508
      22.043       12.000       28.004      679.508
      23.045       39.900       28.305      679.762
      24.047       14.000       28.305      679.762
      25.049       13.000       28.305      679.762
      26.052       12.000       28.305      679.762
      27.053       12.000       28.305      679.762
      28.056       12.000       28.305      679.762
      29.057       12.000       28.305      679.762
      30.059       42.900       28.820      680.406
      31.061       12.000       28.820      680.406
      32.063       14.000       28.820      680.406
      33.065       12.000       28.820      680.406
      34.068       12.000       28.820      680.406
      35.069       41.900       28.820      680.406
      36.071       20.000       29.852      681.402
      37.073       13.000       29.852      681.402
      38.075       14.000       29.852      681.402
      39.077       13.000       29.852      681.402
      40.079       14.000       29.852      681.402
      41.080       47.900       30.367      681.902
      42.083       14.000       30.367      681.902
      43.085       13.000       30.367      681.902
      44.087       12.000       30.367      681.902
      45.090       13.000       30.367      681.902
      46.092       13.000       30.367      681.902
      47.093       18.000       30.367      681.902
      48.094       46.000       30.367      682.043
      49.096       12.000       30.367      682.043
      50.097       12.000       30.367      682.043
      51.100       12.000       30.367      682.043
      52.101        9.000       30.367      682.043
      53.103       11.000       30.367      682.043
      54.105       49.900       30.883      682.492
      55.107       11.000       30.883      682.492
      56.109       15.000       30.883      682.492
      57.111       13.000       30.883      682.492
      58.113       13.000       30.883      682.492
      59.115       13.000       30.883      682.492
      60.117       14.000       30.883      682.492
      61.119       43.900       31.914      683.402
      62.121       13.000       31.914      683.402
      63.123       12.000       31.914      683.402
      64.124       11.000       31.914      683.402
      65.126       13.000       31.914      683.402
      66.127       13.000       31.914      683.402
      67.130       12.000       31.914      683.402
      68.131       55.900       32.945      684.434
      69.133       12.000       32.945      684.434
      70.135       12.000       32.945      684.434
      71.137       13.000       32.945      684.434
      72.139       12.000       32.945      684.434
      73.141       57.900       34.234      685.891
      74.143       10.000       34.234      685.891
      75.144       12.000       34.234      685.891
      76.147       13.000       34.234      685.891
      77.149       12.000       34.234      685.891
      78.151       34.900       34.234      685.891
      79.153       33.900       34.492      686.031
      80.155       13.000       34.492      686.031
      81.157       12.000       34.492      686.031
      82.158       13.000       34.492      686.031
      83.160       14.000       34.492      686.031
      84.162       57.900       34.492      686.172
      85.164       11.000       34.492      686.172
      86.166       13.000       34.492      686.172
      87.168       13.000       34.492      686.172
      88.169       14.000       34.492      686.172
      89.171       13.000       34.492      686.172
      90.173       15.000       34.492      686.172
      91.176       46.900       35.008      686.617
      92.178       13.000       35.008      686.617
      93.180       15.000       35.008      686.617
      94.182       12.000       35.008      686.617
      95.184       14.000       35.008      686.617
      96.186       12.000       35.008      686.617
      97.188       14.000       35.008      686.617
      98.189       43.900       34.410      685.891
      99.191       12.000       34.410      685.891
     100.193       11.000       34.410      685.891
     101.196       14.000       34.410      685.891
     102.198       13.000       34.410      685.891
     103.199       14.000       34.410      685.891
     104.202       13.000       34.410      685.891
     105.203       44.900       34.410      685.891
     106.205       14.000       34.410      685.891
     107.208       12.000       34.410      685.891
     108.210       14.000       34.410      685.891
     109.212       12.000       34.410      685.891
     110.214       13.000       34.410      685.891
     111.216       14.000       34.410      685.891
     112.217       50.900       34.410      685.891
     113.220       12.000       34.410      685.891
     114.221       13.000       34.410      685.891
     115.224       13.000       34.410      685.891
     116.225       14.000       34.410      685.891
     117.229       14.000       34.410      685.891
     118.231       14.000       34.410      685.891
     119.233       51.900       34.410      685.891
     120.234       13.000       34.410      685.891
     121.236       13.000       34.410      685.891
     122.238       14.000       34.410      685.891
     123.239       13.000       34.410      685.891
     124.241       14.000       34.410      685.891
     125.243       12.000       34.410      685.891
     126.245       47.900       34.410      685.891
     127.247       13.000       34.410      685.891
     128.249       12.000       34.410      685.891
     129.251       13.000       34.410      685.891
     130.253       14.000       34.410      685.891
     131.255       12.000       34.410      685.891
     132.256       13.000       34.410      685.891
     133.257       48.900       34.926      686.387
     134.259       15.000       34.926      686.387
     135.261       13.000       34.926      686.387
     136.263       12.000       34.926      686.387
     137.266       14.000       34.926      686.387
     138.268       57.900       34.926      686.527
     139.270       13.000       34.926      686.527
     140.272       13.000       34.926      686.527
     141.273       16.000       34.926      686.527
     142.275       12.000       34.926      686.527
     143.277       14.000       34.926      686.527
     144.279       24.000       34.926      686.527
     145.280       43.900       35.184      686.816
     146.282       13.000       35.184      686.816
     147.284       13.000       35.184      686.816
     148.286       13.000       35.184      686.816
     149.288       13.000       35.184      686.816
     150.289       15.000       35.184      686.816
     151.292       53.900       35.441      686.977
     152.293       13.000       35.441      686.977
     153.296       13.000       35.441      686.977
     154.298       13.000       35.441      686.977
     155.300       15.000       35.441      686.977
     156.302       13.000       35.441      686.977
     157.305       14.000       35.441      686.977
     158.307       48.900       35.699      687.273
     159.309       12.000       35.699      687.273
     160.312       14.000       35.699      687.273
     161.314       15.000       35.699      687.273
     162.316       13.000       35.699      687.273
     163.317       14.000       35.699      687.273
     164.319       14.000       35.699      687.273
     165.321       46.900       36.215      687.707
     166.323       12.000       36.215      687.707
     167.325       16.000       36.215      687.707
     168.328       13.000       36.215      687.707
     169.329       13.000       36.215      687.707
     170.332       15.000       36.215      687.707
     171.333       14.000       36.215      687.707
     172.335       46.900       36.215      687.879
     173.337       14.000       36.215      687.879
     174.339       13.000       36.215      687.879
     175.341       14.000       36.215      687.879
     176.344       15.000       36.215      687.879
     177.345       14.000       36.215      687.879
     178.347       13.000       36.215      687.879
     179.349       43.900       36.473      688.043
     180.350       15.000       36.473      688.043
     181.351       12.000       36.473      688.043
     182.354       13.000       36.473      688.043
     183.356       14.000       36.473      688.043
     184.358       12.000       36.473      688.043
     185.360       14.000       36.473      688.043
     186.362       57.900       36.730      688.199
     187.364       13.000       36.730      688.199
     188.365       13.000       36.730      688.199
     189.368       13.000       36.730      688.199
     190.370       12.000       36.730      688.199
     191.372       51.900       36.730      688.199
     192.373       20.000       36.730      688.340
     193.375       12.000       36.730      688.340
     194.377       13.000       36.730      688.340
     195.379       14.000       36.730      688.340
     196.381       12.000       36.730      688.340
     197.383       12.000       36.730      688.340
     198.385       55.900       36.730      688.340
     199.386       15.000       36.352      687.648
     200.388       14.000       36.352      687.648
     201.389       14.000       36.352      687.648
     202.392       13.000       36.352      687.648
     203.393       14.000       36.352      687.648
     204.395       12.000       36.352      687.648
     205.397       51.900       36.352      687.648
     206.399       15.000       36.605      688.238
     207.401       15.000       36.605      688.238
     208.403       12.000       36.605      688.238
     209.405       13.000       36.605      688.238
     210.408       13.000       36.605      688.238
     211.409       12.000       36.605      688.238
     212.412       48.900       36.863      688.379
     213.413       12.000       36.863      688.379
     214.416       12.000       36.863      688.379
     215.417       14.000       36.863      688.379
     216.420       14.000       36.863      688.379
     217.422       13.000       36.863      688.379
     218.424       14.000       36.863      688.379
     219.425       46.900       36.863      688.379
     220.426       17.000       36.863      688.520
     221.428       15.000       36.863      688.520
     222.430       14.000       36.863      688.520
     223.433        9.000       36.863      696.523
     224.435       12.000       36.863      696.523
     225.437       10.000       36.863      696.523
     226.440       11.000       36.863      696.523
     227.441       10.000       36.863      696.523
     228.444       12.000       36.863      696.523
     229.446       10.000       36.863      696.523
     230.448        9.000       36.863      696.523
     231.450        8.000       36.863      696.523
     232.453        8.000       36.863      696.523
     233.454       10.000       36.863      696.523
     234.456        4.000       36.863      696.523
     235.457        9.000       36.863      696.523
