# Elapsed time   CPU (%)     Real (MB)   Virtual (MB)
       0.000        0.000       15.434      539.848
       1.001       10.000       15.434      539.848
       2.003       10.000       15.434      539.848
       3.005       10.000       15.434      539.848
       4.007        7.000       15.434      539.848
       5.009       15.000       27.953      679.508
       6.011       12.000       27.953      679.508
       7.013       14.000       27.953      679.508
       8.015       13.000       27.953      679.508
       9.017       12.000       27.953      679.508
      10.018        3.000       27.953      679.508
      11.019       15.000       27.953      679.508
      12.021       12.000       27.953      679.508
      13.023       13.000       27.953      679.508
      14.027       14.000       27.953      679.508
      15.029       12.000       27.953      679.508
      16.031       12.000       27.953      679.508
      17.033       11.000       27.953      679.508
      18.035       12.000       27.953      679.508
      19.037        8.000       27.953      679.508
      20.038       14.000       27.953      679.508
      21.040       11.000       27.953      679.508
      22.042       13.000       27.953      679.508
      23.044       12.000       27.953      679.508
      24.046        9.000       27.953      679.508
      25.047       14.000       27.953      679.508
      26.050       13.000       27.953      679.508
      27.051       12.000       27.953      679.508
      28.053       19.000       27.953      679.508
      29.055       33.900       28.285      679.762
      30.056       10.000       28.285      679.762
      31.058       11.000       28.285      679.762
      32.060       11.000       28.285      679.762
      33.062       12.000       28.285      679.762
      34.063       11.000       28.285      679.762
      35.065       12.000       28.285      679.762
      36.067       10.000       28.285      679.762
      37.069       13.000       28.285      679.762
      38.071       14.000       28.285      679.762
      39.073       12.000       28.285      679.762
      40.075       13.000       28.285      679.762
      41.077       11.000       28.285      679.762
      42.079       12.000       28.285      679.762
      43.081       14.000       28.285      679.762
      44.083       48.900       30.348      681.883
      45.084       11.000       30.348      681.883
      46.086       14.000       30.348      681.883
      47.088       12.000       30.348      681.883
      48.091       13.000       30.348      681.883
      49.092       13.000       30.348      681.883
      50.094       13.000       30.348      681.883
      51.095       11.000       30.348      681.883
      52.097        9.000       30.348      681.883
      53.099       12.000       30.348      681.883
      54.099       11.000       30.348      681.883
      55.101       12.000       30.348      681.883
      56.103       12.000       30.348      681.883
      57.104       10.000       30.348      681.883
      58.106       15.000       30.348      681.883
      59.107       44.900       31.895      683.352
      60.109       11.000       31.895      683.352
      61.111        9.000       31.895      683.352
      62.113       11.000       31.895      683.352
      63.114       10.000       31.895      683.352
      64.115        7.000       31.895      683.352
      65.117        9.000       31.895      683.352
      66.119        9.000       31.895      683.352
      67.121        9.000       31.895      683.352
      68.122        9.000       31.895      683.352
      69.123       10.000       31.895      683.352
      70.124       16.000       31.895      683.352
      71.126       49.900       34.215      685.699
      72.127        9.000       34.215      685.699
      73.129       10.000       34.215      685.699
      74.131       11.000       34.215      685.699
      75.133       11.000       34.215      685.699
      76.135       10.000       34.215      685.699
      77.138        8.000       34.215      685.699
      78.139       10.000       34.215      685.699
      79.141       11.000       34.215      685.699
      80.143       13.000       34.215      685.699
      81.145       45.900       34.215      685.699
      82.147       26.000       34.473      686.004
      83.149       10.000       34.473      686.004
      84.151       11.000       34.473      686.004
      85.152       12.000       34.473      686.004
      86.153       11.000       34.473      686.004
      87.155        7.000       34.473      686.004
      88.157       12.000       34.473      686.004
      89.158       11.000       34.473      686.004
      90.159       12.000       34.473      686.004
      91.161       14.000       34.473      686.004
      92.163       14.000       34.473      686.004
      93.166       11.000       34.473      686.004
      94.167       14.000       34.473      686.004
      95.170       12.000       34.473      686.004
      96.171       34.000       34.473      686.004
      97.173       17.000       34.988      686.684
      98.175       13.000       34.988      686.684
      99.177       12.000       34.988      686.684
     100.179       12.000       34.988      686.684
     101.181       13.000       34.988      686.684
     102.183       10.000       34.988      686.684
     103.185       12.000       34.988      686.684
     104.187       14.000       34.988      686.684
     105.189       12.000       34.988      686.684
     106.191       11.000       34.988      686.684
     107.193       14.000       34.988      686.684
     108.195       12.000       34.988      686.684
     109.197       14.000       34.988      686.684
     110.199       12.000       34.988      686.684
     111.201       39.900       34.988      686.684
     112.203       18.000       35.246      686.824
     113.204       13.000       35.246      686.824
     114.206       12.000       35.246      686.824
     115.208       12.000       35.246      686.824
     116.210       13.000       35.246      686.824
     117.211       11.000       35.246      686.824
     118.214       12.000       35.246      686.824
     119.215       13.000       35.246      686.824
     120.217       12.000       35.246      686.824
     121.218       13.000       35.246      686.824
     122.220       13.000       35.246      686.824
     123.222       11.000       35.246      686.824
     124.224       13.000       35.246      686.824
     125.226       12.000       35.246      686.824
     126.227       43.000       35.246      686.824
     127.228       17.000       35.227      686.543
     128.230       13.000       35.227      686.543
     129.233       11.000       35.227      686.543
     130.235       12.000       35.227      686.543
     131.236       13.000       35.227      686.543
     132.238       13.000       35.227      686.543
     133.241       14.000       35.227      686.543
     134.243       12.000       35.227      686.543
     135.245        8.000       35.227      686.543
     136.246       12.000       35.227      686.543
     137.249       11.000       35.227      686.543
     138.250       12.000       35.227      686.543
     139.253       13.000       35.227      686.543
     140.255       54.900       35.996      687.465
     141.257       13.000       35.996      687.465
     142.259       14.000       35.996      687.465
     143.261       10.000       35.996      687.465
     144.262       10.000       35.996      687.465
     145.263       13.000       35.996      687.465
     146.265       15.000       35.996      687.465
     147.267       12.000       35.996      687.465
     148.269       13.000       35.996      687.465
     149.271       14.000       35.996      687.465
     150.273       13.000       35.996      687.465
     151.275       14.000       35.996      687.465
     152.277       11.000       35.996      687.465
     153.279       13.000       35.996      687.465
     154.281       12.000       35.996      687.465
     155.283       10.000       35.996      687.465
     156.285       39.900       35.996      687.465
     157.286       19.000       36.512      688.156
     158.287       11.000       36.512      688.156
     159.290       12.000       36.512      688.156
     160.291       13.000       36.512      688.156
     161.293        9.000       36.512      688.156
     162.295       10.000       36.512      688.156
     163.297       12.000       36.512      688.156
     164.299       15.000       36.512      688.156
     165.301       11.000       36.512      688.156
     166.303       13.000       36.512      688.156
     167.305       13.000       36.512      688.156
     168.308       12.000       36.512      688.156
     169.310       13.000       36.512      688.156
     170.311       13.000       36.512      688.156
     171.313       32.900       36.512      688.156
     172.315       22.000       36.770      688.320
     173.317       12.000       36.770      688.320
     174.319       12.000       36.770      688.320
     175.321       13.000       36.770      688.320
     176.323       14.000       36.770      688.320
     177.325       13.000       36.770      688.320
     178.327       12.000       36.770      688.320
     179.329       11.000       36.770      688.320
     180.331       11.000       36.770      688.320
     181.333       11.000       36.770      688.320
     182.335       12.000       36.770      688.320
     183.337       10.000       36.770      688.320
     184.339       10.000       36.770      688.320
     185.340       13.000       36.770      688.320
     186.342       25.000       36.770      688.320
     187.343       44.900       35.906      687.324
     188.345       11.000       35.906      687.324
     189.347       10.000       35.906      687.324
     190.349       12.000       35.906      687.324
     191.351       13.000       35.906      687.324
     192.353       11.000       35.906      687.324
     193.355       13.000       35.906      687.324
     194.357       13.000       35.906      687.324
     195.359       11.000       35.906      687.324
     196.361       12.000       35.906      687.324
     197.363       12.000       35.906      687.324
     198.365       13.000       35.906      687.324
     199.367       12.000       35.906      687.324
     200.368       11.000       35.906      687.324
     201.370       23.000       35.906      687.324
     202.371       41.000       35.906      687.324
     203.374       14.000       35.906      687.324
     204.375       10.000       35.906      687.324
     205.377       12.000       35.906      687.324
     206.379       11.000       35.906      687.324
     207.382       12.000       35.906      687.324
     208.383       10.000       35.906      687.324
     209.385        9.000       35.906      687.324
     210.387       12.000       35.906      687.324
     211.388        9.000       35.906      687.324
     212.390       12.000       35.906      687.324
     213.391        7.000       35.906      687.324
     214.393       11.000       35.906      687.324
     215.394       11.000       35.906      687.324
     216.396       30.900       35.906      687.324
     217.398       31.900       35.906      687.324
     218.400       12.000       35.906      687.324
     219.402       12.000       35.906      687.324
     220.404       13.000       35.906      695.328
     221.406        8.000       35.906      695.328
     222.408        5.000       35.906      695.328
     223.410        8.000       35.906      695.328
     224.412       11.000       35.906      695.328
