# Elapsed time   CPU (%)     Real (MB)   Virtual (MB)
       0.000        0.000       15.746      603.848
       1.002        4.000       15.746      603.848
       2.004        4.000       15.746      603.848
       3.006        4.000       15.746      603.848
       4.008        3.000       15.746      603.848
       5.011        9.000       37.059      688.531
       6.012        2.000       37.059      688.531
       7.014        7.000       37.059      688.531
       8.016        8.000       37.059      688.531
       9.018        7.000       37.059      688.531
      10.020        8.000       37.059      688.531
      11.022        7.000       37.059      688.531
      12.024        7.000       37.059      688.531
      13.026        6.000       37.059      688.531
      14.028        8.000       37.059      688.531
      15.030        6.000       37.059      688.531
      16.032        7.000       37.059      688.531
      17.034        7.000       37.059      688.531
      18.036        4.000       37.059      688.531
      19.039        6.000       37.059      688.531
      20.041        8.000       37.059      688.531
      21.043        6.000       37.059      688.531
      22.045        6.000       37.059      688.531
      23.048        7.000       37.059      688.531
      24.050        6.000       37.059      688.531
      25.052        6.000       37.059      688.531
      26.054        8.000       37.059      688.531
      27.056        5.000       37.059      688.531
      28.058       58.900       37.059      688.531
      29.060       17.000       37.367      688.711
      30.062        6.000       37.367      688.711
      31.064        7.000       37.367      688.711
      32.066        6.000       37.367      688.711
      33.068        7.000       37.367      688.711
      34.070        7.000       37.367      688.711
      35.072        7.000       37.367      688.711
      36.074        6.000       37.367      688.711
      37.076        6.000       37.367      688.711
      38.078        7.000       37.367      688.711
      39.080        7.000       37.367      688.711
      40.082        7.000       37.367      688.711
      41.083        6.000       37.367      688.711
      42.084        6.000       37.367      688.711
      43.086       51.900       37.367      688.711
      44.088       42.900       41.492      692.809
      45.090        7.000       41.492      692.809
      46.092        7.000       41.492      692.809
      47.094        7.000       41.492      692.809
      48.096        7.000       41.492      692.809
      49.099        6.000       41.492      692.809
      50.101        8.000       41.492      692.809
      51.102        7.000       41.492      692.809
      52.104        6.000       41.492      692.809
      53.106        7.000       41.492      692.809
      54.108        6.000       41.492      692.809
      55.110        8.000       41.492      692.809
      56.112        7.000       41.492      692.809
      57.114        6.000       41.492      692.809
      58.116       53.900       41.492      692.809
      59.118       29.900       44.328      695.758
      60.120        6.000       44.328      695.758
      61.122        7.000       44.328      695.758
      62.124        6.000       44.328      695.758
      63.127        6.000       44.328      695.758
      64.128        8.000       44.328      695.758
      65.130        6.000       44.328      695.758
      66.132        6.000       44.328      695.758
      67.134        7.000       44.328      695.758
      68.136        7.000       44.328      695.758
      69.138        6.000       44.328      695.758
      70.140        7.000       44.328      695.758
      71.143        6.000       44.328      695.758
      72.144        7.000       44.328      695.758
      73.146       52.900       44.328      695.758
      74.148       54.900       48.711      700.160
      75.150        6.000       48.711      700.160
      76.152        6.000       48.711      700.160
      77.154        7.000       48.711      700.160
      78.156        7.000       48.711      700.160
      79.159        7.000       48.711      700.160
      80.160        7.000       48.711      700.160
      81.163        7.000       48.711      700.160
      82.164        7.000       48.711      700.160
      83.166        7.000       48.711      700.160
      84.168        7.000       48.711      700.160
      85.170        6.000       48.711      700.160
      86.172        8.000       48.711      700.160
      87.174        6.000       48.711      700.160
      88.176       45.900       48.711      700.160
      89.178       63.900       50.000      701.449
      90.180        5.000       50.000      701.449
      91.182        7.000       50.000      701.449
      92.184        7.000       50.000      701.449
      93.187        7.000       50.000      701.449
      94.189        6.000       50.000      701.449
      95.191        7.000       50.000      701.449
      96.192        8.000       50.000      701.449
      97.195        6.000       50.000      701.449
      98.196        7.000       50.000      701.449
      99.199        6.000       50.000      701.449
     100.200        8.000       50.000      701.449
     101.203        7.000       50.000      701.449
     102.204        7.000       50.000      701.449
     103.206       47.900       50.000      701.449
     104.207       26.000       50.258      701.590
     105.210        7.000       50.258      701.590
     106.212        7.000       50.258      701.590
     107.213        7.000       50.258      701.590
     108.216        6.000       50.258      701.590
     109.218        7.000       50.258      701.590
     110.220        7.000       50.258      701.590
     111.222        7.000       50.258      701.590
     112.224        6.000       50.258      701.590
     113.227        8.000       50.258      701.590
     114.228        6.000       50.258      701.590
     115.230        7.000       50.258      701.590
     116.232        7.000       50.258      701.590
     117.235        6.000       50.258      701.590
     118.237       48.900       50.258      701.590
     119.238       30.900       50.125      701.309
     120.240        6.000       50.125      701.309
     121.243        7.000       50.125      701.309
     122.244        7.000       50.125      701.309
     123.247        6.000       50.125      701.309
     124.248        6.000       50.125      701.309
     125.251        6.000       50.125      701.309
     126.252        7.000       50.125      701.309
     127.254        6.000       50.125      701.309
     128.256        6.000       50.125      701.309
     129.258        7.000       50.125      701.309
     130.260        7.000       50.125      701.309
     131.263        6.000       50.125      701.309
     132.264        6.000       50.125      701.309
     133.266       54.900       50.125      701.309
     134.268       36.900       52.957      704.297
     135.270        6.000       52.957      704.297
     136.272        7.000       52.957      704.297
     137.274        7.000       52.957      704.297
     138.275        6.000       52.957      704.297
     139.278        7.000       52.957      704.297
     140.279        7.000       52.957      704.297
     141.282        6.000       52.957      704.297
     142.284        6.000       52.957      704.297
     143.286        6.000       52.957      704.297
     144.288        5.000       52.957      704.297
     145.290        5.000       52.957      704.297
     146.292        8.000       52.957      704.297
     147.294        6.000       52.957      704.297
     148.296        6.000       52.957      704.297
     149.298       26.000       52.957      704.297
     150.300       81.800       53.215      704.699
     151.302        7.000       53.215      704.699
     152.304        7.000       53.215      704.699
     153.306        6.000       53.215      704.699
     154.308        7.000       53.215      704.699
     155.310        7.000       53.215      704.699
     156.312        6.000       53.215      704.699
     157.315        6.000       53.215      704.699
     158.316        6.000       53.215      704.699
     159.318        7.000       53.215      704.699
     160.320        6.000       53.215      704.699
     161.322        7.000       53.215      704.699
     162.324        6.000       53.215      704.699
     163.327        7.000       53.215      704.699
     164.328       26.000       53.215      704.699
     165.330       47.900       54.246      705.625
     166.332        7.000       54.246      705.625
     167.334        7.000       54.246      705.625
     168.336        6.000       54.246      705.625
     169.338        7.000       54.246      705.625
     170.340        7.000       54.246      705.625
     171.342        6.000       54.246      705.625
     172.344        7.000       54.246      705.625
     173.346        7.000       54.246      705.625
     174.348        6.000       54.246      705.625
     175.350        7.000       54.246      705.625
     176.352        7.000       54.246      705.625
     177.354        6.000       54.246      705.625
     178.356        7.000       54.246      705.625
     179.358       25.000       54.246      705.625
     180.360       61.900       54.246      705.766
     181.362        6.000       54.246      705.766
     182.364        7.000       54.246      705.766
     183.366        6.000       54.246      705.766
     184.368        7.000       54.246      705.766
     185.370        6.000       54.246      705.766
     186.372        7.000       54.246      705.766
     187.373        7.000       54.246      705.766
     188.376        7.000       54.246      705.766
     189.378        6.000       54.246      705.766
     190.380        7.000       54.246      705.766
     191.383        8.000       54.246      705.766
     192.385        6.000       54.246      705.766
     193.388        6.000       54.246      705.766
     194.390       25.000       54.246      705.766
     195.392       92.800       54.246      705.766
     196.394        8.000       54.246      705.766
     197.396        7.000       54.246      705.766
     198.398        7.000       54.246      705.766
     199.400        6.000       54.246      705.766
     200.402        8.000       54.246      705.766
     201.404        7.000       54.246      705.766
     202.406        7.000       54.246      705.766
     203.408        6.000       54.246      705.766
     204.409        8.000       54.246      705.766
     205.411        6.000       54.246      705.766
     206.413        8.000       54.246      705.766
     207.415        6.000       54.246      705.766
     208.416        7.000       54.246      705.766
     209.418       24.000       54.246      705.766
     210.419       67.900       54.246      705.766
     211.421        6.000       54.246      705.766
     212.423        7.000       54.246      705.766
     213.424        6.000       54.246      705.766
     214.426        6.000       54.246      705.766
     215.428        7.000       54.246      705.766
     216.430        6.000       54.246      705.766
     217.432        7.000       54.246      705.766
     218.435        6.000       54.246      705.766
     219.436        7.000       54.246      705.766
     220.439        4.000       54.246      713.770
     221.441        5.000       54.246      713.770
     222.443        3.000       54.246      713.770
     223.444        4.000       54.246      713.770
