# Elapsed time   CPU (%)     Real (MB)   Virtual (MB)
       0.000        0.000       15.457      539.848
       1.001       10.000       15.457      539.848
       2.003       11.000       15.457      539.848
       3.006       10.000       15.457      539.848
       4.008        5.000       15.457      539.848
       5.009       14.000       27.973      679.508
       6.011       14.000       27.973      679.508
       7.013       13.000       27.973      679.508
       8.014       14.000       27.973      679.508
       9.016       12.000       27.973      679.508
      10.016       11.000       27.973      679.508
      11.018       12.000       27.973      679.508
      12.019       12.000       27.973      679.508
      13.021       11.000       27.973      679.508
      14.023       14.000       27.973      679.508
      15.025       14.000       27.973      679.508
      16.026       14.000       27.973      679.508
      17.029       12.000       27.973      679.508
      18.030       14.000       27.973      679.508
      19.032       12.000       27.973      679.508
      20.034       14.000       27.973      679.508
      21.036       15.000       27.973      679.508
      22.038       12.000       27.973      679.508
      23.040       11.000       27.973      679.508
      24.042        9.000       27.973      679.508
      25.044       10.000       27.973      679.508
      26.046       11.000       27.973      679.508
      27.047       12.000       27.973      679.508
      28.048       12.000       27.973      679.508
      29.050       39.900       28.312      679.762
      30.052       13.000       28.312      679.762
      31.054       11.000       28.312      679.762
      32.055       12.000       28.312      679.762
      33.057       13.000       28.312      679.762
      34.059       14.000       28.312      679.762
      35.061       14.000       28.312      679.762
      36.061       13.000       28.312      679.762
      37.062       12.000       28.312      679.762
      38.064       11.000       28.312      679.762
      39.066       11.000       28.312      679.762
      40.068       10.000       28.312      679.762
      41.071       14.000       28.312      679.762
      42.073       12.000       28.312      679.762
      43.075       12.000       28.312      679.762
      44.077       53.900       30.375      681.883
      45.078       14.000       30.375      681.883
      46.080       11.000       30.375      681.883
      47.082       13.000       30.375      681.883
      48.084       13.000       30.375      681.883
      49.086       10.000       30.375      681.883
      50.088       15.000       30.375      681.883
      51.090       14.000       30.375      681.883
      52.092       13.000       30.375      681.883
      53.094       14.000       30.375      681.883
      54.096       12.000       30.375      681.883
      55.098       15.000       30.375      681.883
      56.101       14.000       30.375      681.883
      57.103       14.000       30.375      681.883
      58.105       12.000       30.375      681.883
      59.107       45.900       31.922      683.402
      60.110       12.000       31.922      683.402
      61.112       12.000       31.922      683.402
      62.114       13.000       31.922      683.402
      63.115       13.000       31.922      683.402
      64.117       11.000       31.922      683.402
      65.119       10.000       31.922      683.402
      66.121        9.000       31.922      683.402
      67.123       10.000       31.922      683.402
      68.124        9.000       31.922      683.402
      69.126       10.000       31.922      683.402
      70.128        9.000       31.922      683.402
      71.129       11.000       31.922      683.402
      72.130       10.000       31.922      683.402
      73.132       10.000       31.922      683.402
      74.134       58.900       33.984      685.582
      75.136       10.000       33.984      685.582
      76.138       10.000       33.984      685.582
      77.140       12.000       33.984      685.582
      78.143        9.000       33.984      685.582
      79.144       10.000       33.984      685.582
      80.146       11.000       33.984      685.582
      81.148       10.000       33.984      685.582
      82.150        9.000       33.984      685.582
      83.152       10.000       33.984      685.582
      84.154        9.000       33.984      685.582
      85.155        7.000       33.984      685.582
      86.156        9.000       33.984      685.582
      87.157       10.000       33.984      685.582
      88.158        8.000       33.984      685.582
      89.160       57.900       34.758      686.328
      90.163        8.000       34.758      686.328
      91.165       13.000       34.758      686.328
      92.166       13.000       34.758      686.328
      93.169       15.000       34.758      686.328
      94.170        9.000       34.758      686.328
      95.173       13.000       34.758      686.328
      96.175       12.000       34.758      686.328
      97.177       11.000       34.758      686.328
      98.178       11.000       34.758      686.328
      99.179       11.000       34.758      686.328
     100.181       13.000       34.758      686.328
     101.183       13.000       34.758      686.328
     102.185       14.000       34.758      686.328
     103.187       13.000       34.758      686.328
     104.189       43.900       34.758      686.328
     105.191       13.000       34.758      686.328
     106.193       14.000       34.758      686.328
     107.195       14.000       34.758      686.328
     108.196       11.000       34.758      686.328
     109.198        9.000       34.758      686.328
     110.200       13.000       34.758      686.328
     111.203       13.000       34.758      686.328
     112.205       12.000       34.758      686.328
     113.207       14.000       34.758      686.328
     114.209       11.000       34.758      686.328
     115.210       11.000       34.758      686.328
     116.212       12.000       34.758      686.328
     117.214        9.000       34.758      686.328
     118.216       10.000       34.758      686.328
     119.218       44.900       34.758      686.328
     120.220       14.000       34.758      686.328
     121.222       12.000       34.758      686.328
     122.224       12.000       34.758      686.328
     123.226       13.000       34.758      686.328
     124.229       14.000       34.758      686.328
     125.231       14.000       34.758      686.328
     126.233       14.000       34.758      686.328
     127.234       12.000       34.758      686.328
     128.237       14.000       34.758      686.328
     129.239       12.000       34.758      686.328
     130.241       12.000       34.758      686.328
     131.242       13.000       34.758      686.328
     132.244       13.000       34.758      686.328
     133.246       12.000       34.758      686.328
     134.248       47.900       34.758      686.328
     135.250       15.000       34.758      686.328
     136.253       11.000       34.758      686.328
     137.255       13.000       34.758      686.328
     138.257       13.000       34.758      686.328
     139.259       13.000       34.758      686.328
     140.261       14.000       34.758      686.328
     141.263       14.000       34.758      686.328
     142.265       14.000       34.758      686.328
     143.266       13.000       34.758      686.328
     144.269       13.000       34.758      686.328
     145.271       13.000       34.758      686.328
     146.273       14.000       34.758      686.328
     147.274       13.000       34.758      686.328
     148.275       12.000       34.758      686.328
     149.278       13.000       34.758      686.328
     150.280       55.900       34.758      686.328
     151.282       14.000       34.758      686.328
     152.284       15.000       34.758      686.328
     153.287       13.000       34.758      686.328
     154.288        9.000       34.758      686.328
     155.290       15.000       34.758      686.328
     156.292       13.000       34.758      686.328
     157.294       12.000       34.758      686.328
     158.296       13.000       34.758      686.328
     159.298       14.000       34.758      686.328
     160.300       12.000       34.758      686.328
     161.302       12.000       34.758      686.328
     162.305       13.000       34.758      686.328
     163.306       13.000       34.758      686.328
     164.308       13.000       34.758      686.328
     165.310       46.900       34.758      686.328
     166.312       11.000       34.758      686.328
     167.315       14.000       34.758      686.328
     168.317       14.000       34.758      686.328
     169.319       12.000       34.758      686.328
     170.321       13.000       34.758      686.328
     171.322       14.000       34.758      686.328
     172.324       12.000       34.758      686.328
     173.326       13.000       34.758      686.328
     174.328       10.000       34.758      686.328
     175.329       10.000       34.758      686.328
     176.331       13.000       34.758      686.328
     177.333       13.000       34.758      686.328
     178.335       11.000       34.758      686.328
     179.337       13.000       34.758      686.328
     180.339       47.900       35.016      686.328
     181.341       12.000       35.016      686.328
     182.343       15.000       35.016      686.328
     183.345       14.000       35.016      686.328
     184.347       12.000       35.016      686.328
     185.349       14.000       35.016      686.328
     186.351       11.000       35.016      686.328
     187.353       13.000       35.016      686.328
     188.355       14.000       35.016      686.328
     189.357       13.000       35.016      686.328
     190.359       13.000       35.016      686.328
     191.361       15.000       35.016      686.328
     192.363       14.000       35.016      686.328
     193.365       13.000       35.016      686.328
     194.367       15.000       35.016      686.328
     195.369       64.900       35.789      687.211
     196.371       12.000       35.789      687.211
     197.373       13.000       35.789      687.211
     198.374       13.000       35.789      687.211
     199.376       10.000       35.789      687.211
     200.378       13.000       35.789      687.211
     201.380       14.000       35.789      687.211
     202.382       13.000       35.789      687.211
     203.384       13.000       35.789      687.211
     204.386       14.000       35.789      687.211
     205.389       10.000       35.789      687.211
     206.390       14.000       35.789      687.211
     207.392       14.000       35.789      687.211
     208.394       13.000       35.789      687.211
     209.395       14.000       35.789      687.211
     210.398       50.900       35.789      687.352
     211.400       13.000       35.789      687.352
     212.402       14.000       35.789      687.352
     213.404       14.000       35.789      687.352
     214.406       13.000       35.789      687.352
     215.408        9.000       35.789      687.352
     216.410       14.000       35.789      687.352
     217.412       12.000       35.789      687.352
     218.414       11.000       35.789      687.352
     219.416       14.000       35.789      687.352
     220.418       12.000       35.789      695.355
     221.420        9.000       35.789      695.355
     222.422        7.000       35.789      695.355
     223.424        9.000       35.789      695.355
     224.426       11.000       35.789      695.355
     225.427        5.000       35.789      695.355
     226.429        9.000       35.789      695.355
     227.430       10.000       35.789      695.355
     228.432       10.000       35.789      695.355
     229.434        9.000       35.789      695.355
