# Elapsed time   CPU (%)     Real (MB)   Virtual (MB)
       0.000        0.000       15.441      539.848
       1.002       10.000       15.441      539.848
       2.003       10.000       15.441      539.848
       3.005        9.000       15.441      539.848
       4.006        9.000       15.441      603.848
       5.008       16.000       27.961      679.508
       6.010       14.000       27.961      679.508
       7.011       13.000       27.961      679.508
       8.013       13.000       27.961      679.508
       9.016       15.000       27.961      679.508
      10.018       13.000       27.961      679.508
      11.020       13.000       27.961      679.508
      12.022       15.000       27.961      679.508
      13.024       13.000       27.961      679.508
      14.026       15.000       27.961      679.508
      15.028       13.000       27.961      679.508
      16.030       14.000       27.961      679.508
      17.032       11.000       27.961      679.508
      18.034       12.000       27.961      679.508
      19.036       11.000       27.961      679.508
      20.038       15.000       27.961      679.508
      21.040       11.000       27.961      679.508
      22.042       11.000       27.961      679.508
      23.044       12.000       27.961      679.508
      24.046       13.000       27.961      679.508
      25.048       12.000       27.961      679.508
      26.049       12.000       27.961      679.508
      27.051       13.000       27.961      679.508
      28.053       39.900       28.301      679.762
      29.054       12.000       28.301      679.762
      30.056       12.000       28.301      679.762
      31.058       13.000       28.301      679.762
      32.060       13.000       28.301      679.762
      33.062       14.000       28.301      679.762
      34.064       11.000       28.301      679.762
      35.066       11.000       28.301      679.762
      36.068       15.000       28.301      679.762
      37.070       11.000       28.301      679.762
      38.072       13.000       28.301      679.762
      39.074       14.000       28.301      679.762
      40.076       12.000       28.301      679.762
      41.078       12.000       28.301      679.762
      42.080       11.000       28.301      679.762
      43.081       51.900       30.363      681.883
      44.083       14.000       30.363      681.883
      45.086       13.000       30.363      681.883
      46.088       12.000       30.363      681.883
      47.090       14.000       30.363      681.883
      48.092       12.000       30.363      681.883
      49.094       13.000       30.363      681.883
      50.096       14.000       30.363      681.883
      51.098       14.000       30.363      681.883
      52.100       12.000       30.363      681.883
      53.103       14.000       30.363      681.883
      54.105       14.000       30.363      681.883
      55.107       12.000       30.363      681.883
      56.110       14.000       30.363      681.883
      57.112       12.000       30.363      681.883
      58.114       45.900       31.910      683.371
      59.116       10.000       31.910      683.371
      60.117        9.000       31.910      683.371
      61.118        6.000       31.910      683.371
      62.120        9.000       31.910      683.371
      63.122       11.000       31.910      683.371
      64.124       11.000       31.910      683.371
      65.125       12.000       31.910      683.371
      66.127       13.000       31.910      683.371
      67.128        9.000       31.910      683.371
      68.130       11.000       31.910      683.371
      69.132       14.000       31.910      683.371
      70.134       12.000       31.910      683.371
      71.136       12.000       31.910      683.371
      72.138       11.000       31.910      683.371
      73.140       56.900       33.973      685.562
      74.142       13.000       33.973      685.562
      75.144       13.000       33.973      685.562
      76.147        9.000       33.973      685.562
      77.148       10.000       33.973      685.562
      78.149       11.000       33.973      685.562
      79.151       11.000       33.973      685.562
      80.153       13.000       33.973      685.562
      81.155       15.000       33.973      685.562
      82.158       12.000       33.973      685.562
      83.160       15.000       33.973      685.562
      84.162       14.000       33.973      685.562
      85.164       13.000       33.973      685.562
      86.166       14.000       33.973      685.562
      87.168       12.000       33.973      685.562
      88.170       55.900       34.746      686.211
      89.171       14.000       34.746      686.211
      90.174       15.000       34.746      686.211
      91.176       12.000       34.746      686.211
      92.178       14.000       34.746      686.211
      93.180       13.000       34.746      686.211
      94.182       12.000       34.746      686.211
      95.184       12.000       34.746      686.211
      96.186       12.000       34.746      686.211
      97.188       10.000       34.746      686.211
      98.189       10.000       34.746      686.211
      99.191       11.000       34.746      686.211
     100.192       11.000       34.746      686.211
     101.193       11.000       34.746      686.211
     102.195       11.000       34.746      686.211
     103.197       42.900       34.746      686.352
     104.199       14.000       34.746      686.352
     105.202       11.000       34.746      686.352
     106.204       12.000       34.746      686.352
     107.206       12.000       34.746      686.352
     108.208       12.000       34.746      686.352
     109.210       11.000       34.746      686.352
     110.212       11.000       34.746      686.352
     111.213       11.000       34.746      686.352
     112.216       12.000       34.746      686.352
     113.218       12.000       34.746      686.352
     114.220       13.000       34.746      686.352
     115.222       10.000       34.746      686.352
     116.224       12.000       34.746      686.352
     117.225       12.000       34.746      686.352
     118.226       43.900       34.746      686.352
     119.228       13.000       34.746      686.352
     120.230       13.000       34.746      686.352
     121.232       11.000       34.746      686.352
     122.234       11.000       34.746      686.352
     123.235       10.000       34.746      686.352
     124.238        9.000       34.746      686.352
     125.239       12.000       34.746      686.352
     126.241       11.000       34.746      686.352
     127.243       10.000       34.746      686.352
     128.244       10.000       34.746      686.352
     129.246       10.000       34.746      686.352
     130.248       12.000       34.746      686.352
     131.249       13.000       34.746      686.352
     132.250       10.000       34.746      686.352
     133.252       46.900       36.035      687.668
     134.254       12.000       36.035      687.668
     135.256       15.000       36.035      687.668
     136.258       11.000       36.035      687.668
     137.260       14.000       36.035      687.668
     138.262       12.000       36.035      687.668
     139.264       10.000       36.035      687.668
     140.266       10.000       36.035      687.668
     141.268       12.000       36.035      687.668
     142.270       10.000       36.035      687.668
     143.272       12.000       36.035      687.668
     144.274       12.000       36.035      687.668
     145.276        9.000       36.035      687.668
     146.278       13.000       36.035      687.668
     147.280       12.000       36.035      687.668
     148.281        9.000       36.035      687.668
     149.283       52.900       36.035      687.668
     150.284       16.000       36.293      687.824
     151.286       12.000       36.293      687.824
     152.288       12.000       36.293      687.824
     153.289        9.000       36.293      687.824
     154.291       11.000       36.293      687.824
     155.294        9.000       36.293      687.824
     156.296        9.000       36.293      687.824
     157.297        9.000       36.293      687.824
     158.298        9.000       36.293      687.824
     159.299       10.000       36.293      687.824
     160.301       11.000       36.293      687.824
     161.303       11.000       36.293      687.824
     162.305        9.000       36.293      687.824
     163.307        9.000       36.293      687.824
     164.309       40.900       36.809      688.293
     165.311       11.000       36.809      688.293
     166.312        9.000       36.809      688.293
     167.313        9.000       36.809      688.293
     168.314       10.000       36.809      688.293
     169.316       10.000       36.809      688.293
     170.318       10.000       36.809      688.293
     171.320        9.000       36.809      688.293
     172.322        9.000       36.809      688.293
     173.324       10.000       36.809      688.293
     174.325       10.000       36.809      688.293
     175.327        8.000       36.809      688.293
     176.328        9.000       36.809      688.293
     177.330       10.000       36.809      688.293
     178.332       11.000       36.809      688.293
     179.334       45.900       36.809      688.434
     180.336        9.000       36.809      688.434
     181.338       11.000       36.809      688.434
     182.340        9.000       36.809      688.434
     183.342        8.000       36.809      688.434
     184.344       10.000       36.809      688.434
     185.345       12.000       36.809      688.434
     186.347       11.000       36.809      688.434
     187.348        8.000       36.809      688.434
     188.349        6.000       36.809      688.434
     189.351        7.000       36.809      688.434
     190.352       10.000       36.809      688.434
     191.354        9.000       36.809      688.434
     192.355       10.000       36.809      688.434
     193.356       12.000       36.809      688.434
     194.358       50.900       36.809      688.434
     195.359       22.000       36.809      688.434
     196.362       11.000       36.809      688.434
     197.363        9.000       36.809      688.434
     198.365       12.000       36.809      688.434
     199.366        7.000       36.809      688.434
     200.368        9.000       36.809      688.434
     201.370       10.000       36.809      688.434
     202.371       10.000       36.809      688.434
     203.373       12.000       36.809      688.434
     204.374       10.000       36.809      688.434
     205.376        9.000       36.809      688.434
     206.378        9.000       36.809      688.434
     207.380       10.000       36.809      688.434
     208.382        9.000       36.809      688.434
     209.384       49.900       36.809      688.434
     210.385       14.000       36.809      688.434
     211.387        9.000       36.809      688.434
     212.388       10.000       36.809      688.434
     213.390        9.000       36.809      688.434
     214.392        7.000       36.809      688.434
     215.394        9.000       36.809      688.434
     216.395        8.000       36.809      688.434
     217.397        8.000       36.809      688.434
     218.399       10.000       36.809      688.434
     219.400       11.000       36.809      688.434
     220.402        7.000       36.809      696.438
     221.404        7.000       36.809      696.438
     222.406        6.000       36.809      696.438
     223.407        5.000       36.809      696.438
