# Elapsed time   CPU (%)     Real (MB)   Virtual (MB)
       0.000        0.000       15.578      539.848
       1.002        9.000       15.578      539.848
       2.004       10.000       15.578      539.848
       3.006        4.000       15.578      539.848
       4.007       15.000       28.105      679.508
       5.010       13.000       28.105      679.508
       6.012       14.000       28.105      679.508
       7.014       10.000       28.105      679.508
       8.014       12.000       28.105      679.508
       9.016       11.000       28.105      679.508
      10.018       11.000       28.105      679.508
      11.020       12.000       28.105      679.508
      12.021       15.000       28.105      679.508
      13.023       11.000       28.105      679.508
      14.025       12.000       28.105      679.508
      15.026        9.000       28.105      679.508
      16.029        9.000       28.105      679.508
      17.030        9.000       28.105      679.508
      18.032        8.000       28.105      679.508
      19.034        8.000       28.105      679.508
      20.036       10.000       28.105      679.508
      21.038       12.000       28.105      679.508
      22.040       41.900       28.441      679.762
      23.042        8.000       28.441      679.762
      24.044       11.000       28.441      679.762
      25.046       10.000       28.441      679.762
      26.048       10.000       28.441      679.762
      27.050        9.000       28.441      679.762
      28.052       11.000       28.441      679.762
      29.054       10.000       28.441      679.762
      30.056       12.000       28.441      679.762
      31.058        9.000       28.441      679.762
      32.060       34.900       28.441      679.762
      33.062       30.900       29.988      681.391
      34.064       11.000       29.988      681.391
      35.066        8.000       29.988      681.391
      36.068       12.000       29.988      681.391
      37.070       12.000       29.988      681.391
      38.072       14.000       29.988      681.391
      39.074       12.000       29.988      681.391
      40.076       12.000       29.988      681.391
      41.077       15.000       29.988      681.391
      42.079       30.000       29.988      681.391
      43.080       31.900       30.504      681.891
      44.082       11.000       30.504      681.891
      45.084       13.000       30.504      681.891
      46.086       10.000       30.504      681.891
      47.088       12.000       30.504      681.891
      48.091       13.000       30.504      681.891
      49.093        9.000       30.504      681.891
      50.094       10.000       30.504      681.891
      51.097       13.000       30.504      681.891
      52.098       29.000       30.504      681.891
      53.099       27.000       31.277      682.574
      54.101       10.000       31.277      682.574
      55.102       10.000       31.277      682.574
      56.104       10.000       31.277      682.574
      57.106       12.000       31.277      682.574
      58.108       11.000       31.277      682.574
      59.110        9.000       31.277      682.574
      60.112       13.000       31.277      682.574
      61.114       10.000       31.277      682.574
      62.116       31.900       31.277      682.574
      63.117       24.000       32.824      684.355
      64.118        9.000       32.824      684.355
      65.120       11.000       32.824      684.355
      66.122       12.000       32.824      684.355
      67.124       13.000       32.824      684.355
      68.126        8.000       32.824      684.355
      69.128       12.000       32.824      684.355
      70.130       12.000       32.824      684.355
      71.133       15.000       32.824      684.355
      72.134       29.000       32.824      684.355
      73.136       36.900       33.855      685.383
      74.137       11.000       33.855      685.383
      75.138        9.000       33.855      685.383
      76.140        8.000       33.855      685.383
      77.142       10.000       33.855      685.383
      78.144       12.000       33.855      685.383
      79.145       12.000       33.855      685.383
      80.148       13.000       33.855      685.383
      81.150       12.000       33.855      685.383
      82.152       20.000       33.855      685.383
      83.153       43.900       34.113      685.523
      84.156       12.000       34.113      685.523
      85.158       10.000       34.113      685.523
      86.160       11.000       34.113      685.523
      87.162       13.000       34.113      685.523
      88.164        9.000       34.113      685.523
      89.165        9.000       34.113      685.523
      90.166       14.000       34.113      685.523
      91.169        9.000       34.113      685.523
      92.170       25.000       34.113      685.523
      93.171       31.000       34.629      686.172
      94.173       12.000       34.629      686.172
      95.174       11.000       34.629      686.172
      96.177       15.000       34.629      686.172
      97.178       12.000       34.629      686.172
      98.181       13.000       34.629      686.172
      99.182        9.000       34.629      686.172
     100.184       12.000       34.629      686.172
     101.186       11.000       34.629      686.172
     102.189       26.000       34.629      686.172
     103.190       31.900       34.887      686.312
     104.192       12.000       34.887      686.312
     105.194       15.000       34.887      686.312
     106.195       12.000       34.887      686.312
     107.197       14.000       34.887      686.312
     108.198       13.000       34.887      686.312
     109.201       11.000       34.887      686.312
     110.202       14.000       34.887      686.312
     111.205       13.000       34.887      686.312
     112.207       23.000       34.887      686.312
     113.208       38.900       34.871      686.031
     114.210       13.000       34.871      686.031
     115.213       12.000       34.871      686.031
     116.214       12.000       34.871      686.031
     117.216       13.000       34.871      686.031
     118.218       12.000       34.871      686.031
     119.220       13.000       34.871      686.031
     120.222       14.000       34.871      686.031
     121.225       14.000       34.871      686.031
     122.226       19.000       34.871      686.031
     123.228       38.900       34.871      686.316
     124.230       12.000       34.871      686.316
     125.232       11.000       34.871      686.316
     126.234       11.000       34.871      686.316
     127.235       12.000       34.871      686.316
     128.237        9.000       34.871      686.316
     129.238       12.000       34.871      686.316
     130.240        9.000       34.871      686.316
     131.242       11.000       34.871      686.316
     132.243       22.000       34.871      686.316
     133.244       36.900       36.156      687.453
     134.246        7.000       36.156      687.453
     135.246       13.000       36.156      687.453
     136.249       12.000       36.156      687.453
     137.250       11.000       36.156      687.453
     138.252       12.000       36.156      687.453
     139.254        8.000       36.156      687.453
     140.255        8.000       36.156      687.453
     141.258       12.000       36.156      687.453
     142.260        9.000       36.156      687.453
     143.261       11.000       36.156      687.453
     144.262       12.000       36.156      687.453
     145.264       51.900       36.156      687.453
     146.266       17.000       36.156      687.598
     147.268       10.000       36.156      687.598
     148.269       12.000       36.156      687.598
     149.272       12.000       36.156      687.598
     150.273       14.000       36.156      687.598
     151.274        9.000       36.156      687.598
     152.277       13.000       36.156      687.598
     153.278       11.000       36.156      687.598
     154.281       46.900       36.414      687.738
     155.282        9.000       36.414      687.738
     156.284       13.000       36.414      687.738
     157.286       10.000       36.414      687.738
     158.288       11.000       36.414      687.738
     159.290       12.000       36.414      687.738
     160.291       11.000       36.414      687.738
     161.293        9.000       36.414      687.738
     162.295       12.000       36.414      687.738
     163.296       13.000       36.414      687.738
     164.298       43.900       36.121      687.312
     165.300       15.000       36.121      687.312
     166.302       14.000       36.121      687.312
     167.305       13.000       36.121      687.312
     168.306       15.000       36.121      687.312
     169.309       12.000       36.121      687.312
     170.311       13.000       36.121      687.312
     171.313       12.000       36.121      687.312
     172.315       12.000       36.121      687.312
     173.317       13.000       36.121      687.312
     174.318       47.900       36.121      687.312
     175.321       13.000       36.121      687.312
     176.322       12.000       36.121      687.312
     177.324        9.000       36.121      687.312
     178.326       10.000       36.121      687.312
     179.328       12.000       36.121      687.312
     180.330       13.000       36.121      687.312
     181.332       13.000       36.121      687.312
     182.334       13.000       36.121      687.312
     183.337       13.000       36.121      687.312
     184.338       55.900       36.121      687.312
     185.341       14.000       36.121      687.312
     186.342       14.000       36.121      687.312
     187.344       12.000       36.121      687.312
     188.346       13.000       36.121      687.312
     189.348       13.000       36.121      687.312
     190.349       13.000       36.121      687.312
     191.350       13.000       36.121      687.312
     192.352       14.000       36.121      687.312
     193.354       13.000       36.121      687.312
     194.357       58.900       36.121      687.312
     195.359       14.000       36.121      687.312
     196.360       11.000       36.121      687.312
     197.362       14.000       36.121      687.312
     198.365       14.000       36.121      687.312
     199.366       13.000       36.121      687.312
     200.368       12.000       36.121      687.312
     201.370        8.000       36.121      687.312
     202.371       13.000       36.121      687.312
     203.373       14.000       36.121      687.312
     204.374       50.900       36.121      687.312
     205.375       11.000       36.121      687.312
     206.377       12.000       36.121      687.312
     207.378       11.000       36.121      687.312
     208.380       12.000       36.121      687.312
     209.382       14.000       36.121      687.312
     210.385       13.000       36.121      687.312
     211.386       12.000       36.121      687.312
     212.388       14.000       36.121      687.312
     213.390       14.000       36.121      687.312
     214.392       53.900       36.121      687.312
     215.394       13.000       36.121      687.312
     216.395       12.000       36.121      687.312
     217.396        9.000       36.121      687.312
     218.398       15.000       36.121      687.312
     219.400        9.000       36.121      695.316
     220.402        8.000       36.121      695.316
     221.403        3.000       36.121      695.316
