# Elapsed time   CPU (%)     Real (MB)   Virtual (MB)
       0.000        0.000       15.703      539.848
       1.002       11.000       15.703      539.848
       2.004       11.000       15.703      539.848
       3.006       10.000       15.703      539.848
       4.008        8.000       15.703      603.848
       5.010       16.000       37.047      688.531
       6.011       11.000       37.047      688.531
       7.013       14.000       37.047      688.531
       8.015       14.000       37.047      688.531
       9.017       13.000       37.047      688.531
      10.019       13.000       37.047      688.531
      11.020       15.000       37.047      688.531
      12.022       13.000       37.047      688.531
      13.024       16.000       37.047      688.531
      14.027       14.000       37.047      688.531
      15.029        9.000       37.047      688.531
      16.032        9.000       37.047      688.531
      17.034        8.000       37.047      688.531
      18.036       10.000       37.047      688.531
      19.036       11.000       37.047      688.531
      20.038       11.000       37.047      688.531
      21.040       10.000       37.047      688.531
      22.042       12.000       37.047      688.531
      23.044       14.000       37.047      688.531
      24.046       10.000       37.047      688.531
      25.048        7.000       37.047      688.531
      26.049        5.000       37.047      688.531
      27.050       10.000       37.047      688.531
      28.052        9.000       37.047      688.531
      29.053       10.000       37.047      688.531
      30.055       61.900       37.047      688.531
      31.057       21.000       38.395      689.812
      32.058       14.000       38.395      689.812
      33.060       11.000       38.395      689.812
      34.062       12.000       38.395      689.812
      35.064       12.000       38.395      689.812
      36.066       12.000       38.395      689.812
      37.068       12.000       38.395      689.812
      38.070       12.000       38.395      689.812
      39.072       12.000       38.395      689.812
      40.074       13.000       38.395      689.812
      41.076       13.000       38.395      689.812
      42.078        8.000       38.395      689.812
      43.079       11.000       38.395      689.812
      44.081       12.000       38.395      689.812
      45.082       11.000       38.395      689.812
      46.084       13.000       38.395      689.812
      47.087       57.900       38.395      689.812
      48.088       36.900       42.004      693.355
      49.090       13.000       42.004      693.355
      50.092       12.000       42.004      693.355
      51.094       12.000       42.004      693.355
      52.096       12.000       42.004      693.355
      53.098       13.000       42.004      693.355
      54.100       14.000       42.004      693.355
      55.102       11.000       42.004      693.355
      56.104       12.000       42.004      693.355
      57.106       12.000       42.004      693.355
      58.108       11.000       42.004      693.355
      59.109       13.000       42.004      693.355
      60.111       11.000       42.004      693.355
      61.113       11.000       42.004      693.355
      62.115       12.000       42.004      693.355
      63.116       12.000       42.004      693.355
      64.118       61.900       42.004      693.355
      65.119       23.000       45.613      697.160
      66.121       11.000       45.613      697.160
      67.122       11.000       45.613      697.160
      68.124       12.000       45.613      697.160
      69.126       10.000       45.613      697.160
      70.128       14.000       45.613      697.160
      71.130       10.000       45.613      697.160
      72.132       12.000       45.613      697.160
      73.134       11.000       45.613      697.160
      74.136       12.000       45.613      697.160
      75.138       10.000       45.613      697.160
      76.140       13.000       45.613      697.160
      77.142       12.000       45.613      697.160
      78.144       12.000       45.613      697.160
      79.146       12.000       45.613      697.160
      80.148       69.900       45.613      697.160
      81.149       50.000       48.449      699.832
      82.150       11.000       48.449      699.832
      83.152        9.000       48.449      699.832
      84.153        7.000       48.449      699.832
      85.156        8.000       48.449      699.832
      86.156        6.000       48.449      699.832
      87.158        4.000       48.449      699.832
      88.159        5.000       48.449      699.832
      89.161        5.000       48.449      699.832
      90.162        4.000       48.449      699.832
      91.164        5.000       48.449      699.832
      92.165        6.000       48.449      699.832
      93.166        4.000       48.449      699.832
      94.168        5.000       48.449      699.832
      95.169        5.000       48.449      699.832
      96.170        5.000       48.449      699.832
      97.172       62.900       48.449      699.832
      98.173       21.000       49.996      701.555
      99.174       12.000       49.996      701.555
     100.176       11.000       49.996      701.555
     101.178       12.000       49.996      701.555
     102.180       12.000       49.996      701.555
     103.182        9.000       49.996      701.555
     104.184       10.000       49.996      701.555
     105.186        9.000       49.996      701.555
     106.187       10.000       49.996      701.555
     107.189        9.000       49.996      701.555
     108.190       12.000       49.996      701.555
     109.192       13.000       49.996      701.555
     110.194       13.000       49.996      701.555
     111.195       13.000       49.996      701.555
     112.198       11.000       49.996      701.555
     113.200       12.000       49.996      701.555
     114.202       64.900       49.996      701.555
     115.202       16.000       50.254      701.695
     116.204       13.000       50.254      701.695
     117.206       12.000       50.254      701.695
     118.208       13.000       50.254      701.695
     119.210       14.000       50.254      701.695
     120.212       12.000       50.254      701.695
     121.214       13.000       50.254      701.695
     122.216       13.000       50.254      701.695
     123.218       11.000       50.254      701.695
     124.220       12.000       50.254      701.695
     125.221       13.000       50.254      701.695
     126.222       11.000       50.254      701.695
     127.224       11.000       50.254      701.695
     128.226       13.000       50.254      701.695
     129.228       13.000       50.254      701.695
     130.230       11.000       50.254      701.695
     131.232       72.900       50.254      701.695
     132.233       23.000       52.832      704.301
     133.234       11.000       52.832      704.301
     134.237       13.000       52.832      704.301
     135.239       11.000       52.832      704.301
     136.241       15.000       52.832      704.301
     137.242       12.000       52.832      704.301
     138.244       11.000       52.832      704.301
     139.246       12.000       52.832      704.301
     140.249       13.000       52.832      704.301
     141.250       10.000       52.832      704.301
     142.252        8.000       52.832      704.301
     143.253        9.000       52.832      704.301
     144.255        8.000       52.832      704.301
     145.256        5.000       52.832      704.301
     146.257        5.000       52.832      704.301
     147.258        5.000       52.832      704.301
     148.260        5.000       52.832      704.301
     149.261       43.900       52.832      704.301
     150.262       65.900       53.348      704.855
     151.264        5.000       53.348      704.855
     152.265        5.000       53.348      704.855
     153.266        4.000       53.348      704.855
     154.268        5.000       53.348      704.855
     155.269        5.000       53.348      704.855
     156.270        5.000       53.348      704.855
     157.271        4.000       53.348      704.855
     158.272        4.000       53.348      704.855
     159.273        6.000       53.348      704.855
     160.274        8.000       53.348      704.855
     161.276       15.000       53.348      704.855
     162.278       13.000       53.348      704.855
     163.280       12.000       53.348      704.855
     164.282       10.000       53.348      704.855
     165.284       10.000       53.348      704.855
     166.286       49.900       53.348      704.855
     167.287       39.900       54.637      706.027
     168.289       12.000       54.637      706.027
     169.292       10.000       54.637      706.027
     170.294       15.000       54.637      706.027
     171.296       15.000       54.637      706.027
     172.298       13.000       54.637      706.027
     173.300       14.000       54.637      706.027
     174.302       14.000       54.637      706.027
     175.305       14.000       54.637      706.027
     176.306       14.000       54.637      706.027
     177.308       12.000       54.637      706.027
     178.310       15.000       54.637      706.027
     179.313       13.000       54.637      706.027
     180.316       12.000       54.637      706.027
     181.318       13.000       54.637      706.027
     182.320       14.000       54.637      706.027
     183.321       45.000       54.637      706.027
     184.322       60.900       54.637      706.168
     185.324        9.000       54.637      706.168
     186.326       14.000       54.637      706.168
     187.328       13.000       54.637      706.168
     188.330       14.000       54.637      706.168
     189.332       13.000       54.637      706.168
     190.334       13.000       54.637      706.168
     191.338       13.900       54.637      706.168
     192.340       14.000       54.637      706.168
     193.342       12.000       54.637      706.168
     194.344       13.000       54.637      706.168
     195.346       12.000       54.637      706.168
     196.348       15.000       54.637      706.168
     197.349       15.000       54.637      706.168
     198.351       12.000       54.637      706.168
     199.352       14.000       54.637      706.168
     200.354       44.900       54.637      706.168
     201.355       66.900       53.043      704.449
     202.358       12.000       53.043      704.449
     203.360       15.000       53.043      704.449
     204.361       14.000       53.043      704.449
     205.362       13.000       53.043      704.449
     206.364       14.000       53.043      704.449
     207.366       13.000       53.043      704.449
     208.368       14.000       53.043      704.449
     209.370       14.000       53.043      704.449
     210.372       12.000       53.043      704.449
     211.374       15.000       53.043      704.449
     212.376       14.000       53.043      704.449
     213.378       12.000       53.043      704.449
     214.380       14.000       53.043      704.449
     215.382       14.000       53.043      704.449
     216.384       12.000       53.043      704.449
     217.386       46.900       53.043      704.449
     218.388       56.900       53.043      704.449
     219.389       12.000       53.043      704.449
     220.391        7.000       53.043      712.453
     221.394        9.000       53.043      712.453
     222.396        7.000       53.043      712.453
