# Elapsed time   CPU (%)     Real (MB)   Virtual (MB)
       0.000        0.000       15.871      539.848
       1.002        9.000       15.871      539.848
       2.004        7.000       15.871      539.848
       3.005       14.000       32.770      684.020
       4.007       13.000       32.770      684.020
       5.008       14.000       32.770      684.020
       6.010       12.000       32.770      684.020
       7.012       13.000       32.770      684.020
       8.015       13.000       32.770      684.020
       9.017       13.000       32.770      684.020
      10.019       13.000       32.770      684.020
      11.021       12.000       32.770      684.020
      12.023       11.000       32.770      684.020
      13.025       12.000       32.770      684.020
      14.027       13.000       32.770      684.020
      15.029       15.000       32.770      684.020
      16.031       12.000       32.770      684.020
      17.032       12.000       32.770      684.020
      18.035       14.000       32.770      684.020
      19.037       16.000       32.770      684.020
      20.039       13.000       32.770      684.020
      21.040       12.000       32.770      684.020
      22.042       14.000       32.770      684.020
      23.043       15.000       32.770      684.020
      24.045       13.000       32.770      684.020
      25.047       12.000       32.770      684.020
      26.049       14.000       32.770      684.020
      27.051       13.000       32.770      684.020
      28.053       37.900       32.770      684.020
      29.055       30.900       33.797      685.016
      30.057       14.000       33.797      685.016
      31.059       13.000       33.797      685.016
      32.061       14.000       33.797      685.016
      33.063       12.000       33.797      685.016
      34.066       15.000       33.797      685.016
      35.067       13.000       33.797      685.016
      36.069       14.000       33.797      685.016
      37.071       13.000       33.797      685.016
      38.073       14.000       33.797      685.016
      39.074       12.000       33.797      685.016
      40.076       14.000       33.797      685.016
      41.078       14.000       33.797      685.016
      42.079       11.000       33.797      685.016
      43.081       15.000       33.797      685.016
      44.083       14.000       33.797      685.016
      45.085       32.000       33.797      685.016
      46.086       44.900       36.375      687.781
      47.087       14.000       36.375      687.781
      48.089       12.000       36.375      687.781
      49.091       14.000       36.375      687.781
      50.092       12.000       36.375      687.781
      51.093       14.000       36.375      687.781
      52.095       13.000       36.375      687.781
      53.097       14.000       36.375      687.781
      54.099       12.000       36.375      687.781
      55.101       14.000       36.375      687.781
      56.103       12.000       36.375      687.781
      57.104       15.000       36.375      687.781
      58.107       14.000       36.375      687.781
      59.109       12.000       36.375      687.781
      60.110       13.000       36.375      687.781
      61.112       13.000       36.375      687.781
      62.114       35.900       36.375      687.781
      63.115       34.000       39.211      690.562
      64.117       13.000       39.211      690.562
      65.119       14.000       39.211      690.562
      66.121       13.000       39.211      690.562
      67.122       14.000       39.211      690.562
      68.125       13.000       39.211      690.562
      69.126       12.000       39.211      690.562
      70.128       13.000       39.211      690.562
      71.130       15.000       39.211      690.562
      72.132       14.000       39.211      690.562
      73.133       13.000       39.211      690.562
      74.135       14.000       39.211      690.562
      75.137       14.000       39.211      690.562
      76.138       14.000       39.211      690.562
      77.139        8.000       39.211      690.562
      78.140       44.000       39.211      690.562
      79.141       57.900       41.273      692.547
      80.143       15.000       41.273      692.547
      81.145        9.000       41.273      692.547
      82.146       13.000       41.273      692.547
      83.147       15.000       41.273      692.547
      84.149       10.000       41.273      692.547
      85.151       13.000       41.273      692.547
      86.153       14.000       41.273      692.547
      87.154       12.000       41.273      692.547
      88.155       15.000       41.273      692.547
      89.157       11.000       41.273      692.547
      90.159       12.000       41.273      692.547
      91.161       14.000       41.273      692.547
      92.163       12.000       41.273      692.547
      93.165       15.000       41.273      692.547
      94.167       11.000       41.273      692.547
      95.169       42.900       41.273      692.547
      96.170       33.900       42.562      693.836
      97.172       13.000       42.562      693.836
      98.174       15.000       42.562      693.836
      99.175       13.000       42.562      693.836
     100.177       14.000       42.562      693.836
     101.179       14.000       42.562      693.836
     102.179       12.000       42.562      693.836
     103.181       14.000       42.562      693.836
     104.183       13.000       42.562      693.836
     105.184       13.000       42.562      693.836
     106.187       13.000       42.562      693.836
     107.189       13.000       42.562      693.836
     108.190       15.000       42.562      693.836
     109.193       13.000       42.562      693.836
     110.195       13.000       42.562      693.836
     111.196       12.000       42.562      693.836
     112.199       41.900       42.562      693.836
     113.199       27.000       42.562      693.977
     114.201       14.000       42.562      693.977
     115.203       13.000       42.562      693.977
     116.205       13.000       42.562      693.977
     117.206       13.000       42.562      693.977
     118.209       13.000       42.562      693.977
     119.211       13.000       42.562      693.977
     120.213       14.000       42.562      693.977
     121.215       13.000       42.562      693.977
     122.217       15.000       42.562      693.977
     123.219       13.000       42.562      693.977
     124.221       12.000       42.562      693.977
     125.223       12.000       42.562      693.977
     126.225       14.000       42.562      693.977
     127.227       12.000       42.562      693.977
     128.229       13.000       42.562      693.977
     129.230       46.900       42.562      693.977
     130.231       30.000       44.625      695.977
     131.233       13.000       44.625      695.977
     132.234       14.000       44.625      695.977
     133.236       14.000       44.625      695.977
     134.238       14.000       44.625      695.977
     135.239       13.000       44.625      695.977
     136.242       14.000       44.625      695.977
     137.243        9.000       44.625      695.977
     138.245       13.000       44.625      695.977
     139.247       13.000       44.625      695.977
     140.250       13.000       44.625      695.977
     141.251       13.000       44.625      695.977
     142.253        9.000       44.625      695.977
     143.255       13.000       44.625      695.977
     144.257       14.000       44.625      695.977
     145.259       15.000       44.625      695.977
     146.261       13.000       44.625      695.977
     147.263       23.000       44.625      695.977
     148.264       71.900       44.883      696.297
     149.266       14.000       44.883      696.297
     150.267       14.000       44.883      696.297
     151.269       14.000       44.883      696.297
     152.272       13.000       44.883      696.297
     153.272       14.000       44.883      696.297
     154.274       12.000       44.883      696.297
     155.276       13.000       44.883      696.297
     156.278       14.000       44.883      696.297
     157.281       14.000       44.883      696.297
     158.283       12.000       44.883      696.297
     159.284       14.000       44.883      696.297
     160.286       13.000       44.883      696.297
     161.287       14.000       44.883      696.297
     162.289       13.000       44.883      696.297
     163.291       15.000       44.883      696.297
     164.293       25.000       44.883      696.297
     165.295       46.900       46.172      697.387
     166.297       15.000       46.172      697.387
     167.299       12.000       46.172      697.387
     168.301       14.000       46.172      697.387
     169.303       14.000       46.172      697.387
     170.305       13.000       46.172      697.387
     171.307       12.000       46.172      697.387
     172.310       15.000       46.172      697.387
     173.311       12.000       46.172      697.387
     174.313       14.000       46.172      697.387
     175.315       14.000       46.172      697.387
     176.318       14.000       46.172      697.387
     177.320       14.000       46.172      697.387
     178.322       13.000       46.172      697.387
     179.324       14.000       46.172      697.387
     180.326       13.000       46.172      697.387
     181.328       21.000       46.172      697.387
     182.330       64.900       46.172      697.527
     183.331       13.000       46.172      697.527
     184.334       15.000       46.172      697.527
     185.335       12.000       46.172      697.527
     186.337       14.000       46.172      697.527
     187.339       15.000       46.172      697.527
     188.341       13.000       46.172      697.527
     189.343       13.000       46.172      697.527
     190.345       15.000       46.172      697.527
     191.347       12.000       46.172      697.527
     192.348       15.000       46.172      697.527
     193.351       12.000       46.172      697.527
     194.353       13.000       46.172      697.527
     195.355       15.000       46.172      697.527
     196.358       14.000       46.172      697.527
     197.359       12.000       46.172      697.527
     198.361       21.000       46.172      697.527
     199.363       69.900       46.172      697.527
     200.365       12.000       46.172      697.527
     201.367       13.000       46.172      697.527
     202.369        9.000       46.172      697.527
     203.371       11.000       46.172      697.527
     204.373       14.000       46.172      697.527
     205.375       14.000       46.172      697.527
     206.377       11.000       46.172      697.527
     207.379       14.000       46.172      697.527
     208.381       14.000       46.172      697.527
     209.383       13.000       46.172      697.527
     210.385       13.000       46.172      697.527
     211.386       14.000       46.172      697.527
     212.389       13.000       46.172      697.527
     213.390       15.000       46.172      697.527
     214.393       13.000       46.172      697.527
     215.395       23.000       46.172      697.527
     216.396       56.900       46.172      697.527
     217.397       12.000       46.172      697.527
     218.399        9.000       46.172      705.531
     219.401        8.000       46.172      705.531
     220.403        4.000       46.172      705.531
     221.405        8.000       46.172      705.531
