# Elapsed time   CPU (%)     Real (MB)   Virtual (MB)
       0.000        0.000       15.547      539.848
       1.002        8.000       15.547      539.848
       2.004       10.000       15.547      539.848
       3.006       11.000       15.547      539.848
       4.008        7.000       15.547      603.848
       5.010       15.000       28.160      679.508
       6.012       12.000       28.160      679.508
       7.014       13.000       28.160      679.508
       8.016       15.000       28.160      679.508
       9.018       12.000       28.160      679.508
      10.020       12.000       28.160      679.508
      11.022       12.000       28.160      679.508
      12.024       11.000       28.160      679.508
      13.026       12.000       28.160      679.508
      14.028       13.000       28.160      679.508
      15.030       11.000       28.160      679.508
      16.032       15.000       28.160      679.508
      17.035       13.000       28.160      679.508
      18.036       13.000       28.160      679.508
      19.038       12.000       28.160      679.508
      20.040       14.000       28.160      679.508
      21.042       10.000       28.160      679.508
      22.044       12.000       28.160      679.508
      23.046       10.000       28.160      679.508
      24.047       12.000       28.160      679.508
      25.050       15.000       28.160      679.508
      26.052       14.000       28.160      679.508
      27.054       12.000       28.160      679.508
      28.056       14.000       28.160      679.508
      29.058       14.000       28.160      679.508
      30.060       40.900       28.895      680.320
      31.062       13.000       28.895      680.320
      32.064       13.000       28.895      680.320
      33.065       13.000       28.895      680.320
      34.067       13.000       28.895      680.320
      35.070       13.000       28.895      680.320
      36.072       12.000       28.895      680.320
      37.074       13.000       28.895      680.320
      38.076       12.000       28.895      680.320
      39.078       13.000       28.895      680.320
      40.080       13.000       28.895      680.320
      41.082       15.000       28.895      680.320
      42.084       13.000       28.895      680.320
      43.086       13.000       28.895      680.320
      44.088       13.000       28.895      680.320
      45.091       13.000       28.895      680.320
      46.092       13.000       28.895      680.320
      47.094       47.900       28.895      680.320
      48.096       16.000       30.699      682.215
      49.098       15.000       30.699      682.215
      50.100       12.000       30.699      682.215
      51.103       13.000       30.699      682.215
      52.104       12.000       30.699      682.215
      53.106       13.000       30.699      682.215
      54.108       14.000       30.699      682.215
      55.109       11.000       30.699      682.215
      56.111       14.000       30.699      682.215
      57.114       14.000       30.699      682.215
      58.116       14.000       30.699      682.215
      59.118       14.000       30.699      682.215
      60.120       12.000       30.699      682.215
      61.122       14.000       30.699      682.215
      62.124       11.000       30.699      682.215
      63.126       14.000       30.699      682.215
      64.128       41.900       32.504      684.027
      65.130       14.000       32.504      684.027
      66.132       12.000       32.504      684.027
      67.134       14.000       32.504      684.027
      68.136       14.000       32.504      684.027
      69.138       12.000       32.504      684.027
      70.140       13.000       32.504      684.027
      71.142       12.000       32.504      684.027
      72.144       11.000       32.504      684.027
      73.146       10.000       32.504      684.027
      74.148       11.000       32.504      684.027
      75.150       10.000       32.504      684.027
      76.152       12.000       32.504      684.027
      77.153       13.000       32.504      684.027
      78.155       13.000       32.504      684.027
      79.158       14.000       32.504      684.027
      80.160       58.900       32.762      684.156
      81.162       12.000       33.793      685.367
      82.162       13.000       33.793      685.367
      83.164       13.000       33.793      685.367
      84.166       14.000       33.793      685.367
      85.168       13.000       33.793      685.367
      86.170       14.000       33.793      685.367
      87.172       11.000       33.793      685.367
      88.174       15.000       33.793      685.367
      89.176       12.000       33.793      685.367
      90.178       13.000       33.793      685.367
      91.180       13.000       33.793      685.367
      92.182       13.000       33.793      685.367
      93.184       13.000       33.793      685.367
      94.186       15.000       33.793      685.367
      95.188       13.000       33.793      685.367
      96.190       13.000       33.793      685.367
      97.192       45.900       34.824      686.215
      98.194       14.000       34.824      686.215
      99.196       11.000       34.824      686.215
     100.198       14.000       34.824      686.215
     101.200       14.000       34.824      686.215
     102.203       11.000       34.824      686.215
     103.204       15.000       34.824      686.215
     104.206       12.000       34.824      686.215
     105.208       15.000       34.824      686.215
     106.210       12.000       34.824      686.215
     107.212       14.000       34.824      686.215
     108.214       15.000       34.824      686.215
     109.216       14.000       34.824      686.215
     110.218       13.000       34.824      686.215
     111.220       12.000       34.824      686.215
     112.222       14.000       34.824      686.215
     113.224       13.000       34.824      686.215
     114.226       41.900       34.824      686.355
     115.228       13.000       34.824      686.355
     116.229       14.000       34.824      686.355
     117.231       12.000       34.824      686.355
     118.233       14.000       34.824      686.355
     119.235       13.000       34.824      686.355
     120.236       13.000       34.824      686.355
     121.238       14.000       34.824      686.355
     122.240       14.000       34.824      686.355
     123.242       12.000       34.824      686.355
     124.244       15.000       34.824      686.355
     125.245       12.000       34.824      686.355
     126.247       12.000       34.824      686.355
     127.249       12.000       34.824      686.355
     128.251       13.000       34.824      686.355
     129.254       13.000       34.824      686.355
     130.255       13.000       34.824      686.355
     131.257       48.900       36.113      687.609
     132.260       13.000       36.113      687.609
     133.262       14.000       36.113      687.609
     134.263       12.000       36.113      687.609
     135.266       12.000       36.113      687.609
     136.267       14.000       36.113      687.609
     137.270       13.000       36.113      687.609
     138.272       14.000       36.113      687.609
     139.274       14.000       36.113      687.609
     140.276       13.000       36.113      687.609
     141.278       14.000       36.113      687.609
     142.280       13.000       36.113      687.609
     143.282       14.000       36.113      687.609
     144.285       12.000       36.113      687.609
     145.287       14.000       36.113      687.609
     146.289       14.000       36.113      687.609
     147.292       13.000       36.113      687.609
     148.294       15.000       36.113      687.609
     149.296       41.900       36.113      687.609
     150.297       29.000       36.113      687.609
     151.298       15.000       36.113      687.609
     152.300       13.000       36.113      687.609
     153.302       13.000       36.113      687.609
     154.304       14.000       36.113      687.609
     155.306       13.000       36.113      687.609
     156.308       12.000       36.113      687.609
     157.310       14.000       36.113      687.609
     158.312       15.000       36.113      687.609
     159.314       12.000       36.113      687.609
     160.316       12.000       36.113      687.609
     161.319       14.000       36.113      687.609
     162.321       13.000       36.113      687.609
     163.322       13.000       36.113      687.609
     164.324       14.000       36.113      687.609
     165.326       12.000       36.113      687.609
     166.328       41.900       36.113      687.609
     167.330       14.000       36.113      687.609
     168.332       12.000       36.113      687.609
     169.334       14.000       36.113      687.609
     170.337       14.000       36.113      687.609
     171.339       11.000       36.113      687.609
     172.340       14.000       36.113      687.609
     173.342       13.000       36.113      687.609
     174.344       12.000       36.113      687.609
     175.346       14.000       36.113      687.609
     176.349       13.000       36.113      687.609
     177.351       14.000       36.113      687.609
     178.352       14.000       36.113      687.609
     179.354       13.000       36.113      687.609
     180.356       12.000       36.113      687.609
     181.358       14.000       36.113      687.609
     182.360       13.000       36.113      687.609
     183.362       37.900       36.113      687.609
     184.364       28.000       36.113      687.609
     185.366       15.000       36.113      687.609
     186.368       13.000       36.113      687.609
     187.370       13.000       36.113      687.609
     188.372       14.000       36.113      687.609
     189.374       11.000       36.113      687.609
     190.376       13.000       36.113      687.609
     191.378       13.000       36.113      687.609
     192.380       12.000       36.113      687.609
     193.382       15.000       36.113      687.609
     194.384       13.000       36.113      687.609
     195.386       14.000       36.113      687.609
     196.388       13.000       36.113      687.609
     197.390       13.000       36.113      687.609
     198.392       14.000       36.113      687.609
     199.394       13.000       36.113      687.609
     200.396       38.900       36.113      687.609
     201.398       29.900       36.113      687.609
     202.400       14.000       36.113      687.609
     203.402       14.000       36.113      687.609
     204.404       12.000       36.113      687.609
     205.406       14.000       36.113      687.609
     206.407       13.000       36.113      687.609
     207.410       14.000       36.113      687.609
     208.411       14.000       36.113      687.609
     209.414       13.000       36.113      687.609
     210.416       12.000       36.113      687.609
     211.417       13.000       36.113      687.609
     212.419       12.000       36.113      687.609
     213.422       13.000       36.113      687.609
     214.424       13.000       36.113      687.609
     215.426       13.000       36.113      687.609
     216.428       13.000       36.113      687.609
     217.430       39.900       36.113      687.609
     218.431       24.000       36.113      687.609
     219.432       12.000       36.113      687.609
     220.434       10.000       36.113      695.613
     221.436       10.000       36.113      695.613
     222.438        8.000       36.113      695.613
     223.440        5.000       36.113      695.613
