# Elapsed time   CPU (%)     Real (MB)   Virtual (MB)
       0.000        0.000       15.457      539.848
       1.001       11.000       15.457      539.848
       2.003       10.000       15.457      539.848
       3.005       10.000       15.457      539.848
       4.008       11.000       15.457      539.848
       5.009       12.000       15.457      539.848
       6.012       11.000       15.457      539.848
       7.014        6.000       15.457      539.848
       8.016       16.000       27.977      679.508
       9.018       14.000       27.977      679.508
      10.020       13.000       27.977      679.508
      11.021       11.000       27.977      679.508
      12.024       12.000       27.977      679.508
      13.026       14.000       27.977      679.508
      14.027       13.000       27.977      679.508
      15.029       14.000       27.977      679.508
      16.031       15.000       27.977      679.508
      17.034       14.000       27.977      679.508
      18.036       14.000       27.977      679.508
      19.038       14.000       27.977      679.508
      20.040       12.000       27.977      679.508
      21.042       14.000       27.977      679.508
      22.044       13.000       27.977      679.508
      23.046       41.900       28.316      679.762
      24.048       16.000       28.316      679.762
      25.050       14.000       28.316      679.762
      26.052       14.000       28.316      679.762
      27.054       12.000       28.316      679.762
      28.056       14.000       28.316      679.762
      29.058       13.000       28.316      679.762
      30.060       38.900       28.316      679.762
      31.061       17.000       28.832      680.406
      32.064       13.000       28.832      680.406
      33.066       13.000       28.832      680.406
      34.068       14.000       28.832      680.406
      35.070       13.000       28.832      680.406
      36.072       15.000       28.832      680.406
      37.074       33.900       28.832      680.406
      38.076       30.900       29.863      681.398
      39.078       13.000       29.863      681.398
      40.080       14.000       29.863      681.398
      41.082       11.000       29.863      681.398
      42.084       13.000       29.863      681.398
      43.086       15.000       29.863      681.398
      44.088       27.000       29.863      681.398
      45.089       35.900       30.379      681.902
      46.091       14.000       30.379      681.902
      47.094       14.000       30.379      681.902
      48.095       13.000       30.379      681.902
      49.097       13.000       30.379      681.902
      50.099       15.000       30.379      681.902
      51.101       23.000       30.379      681.902
      52.103       35.900       31.152      682.668
      53.105       13.000       31.152      682.668
      54.107       12.000       31.152      682.668
      55.109       14.000       31.152      682.668
      56.112       12.000       31.152      682.668
      57.114       13.000       31.152      682.668
      58.116       20.000       31.152      682.668
      59.117       38.900       31.668      683.262
      60.119       15.000       31.668      683.262
      61.121       14.000       31.668      683.262
      62.123       12.000       31.668      683.262
      63.124       14.000       31.668      683.262
      64.126       14.000       31.668      683.262
      65.128       20.000       31.668      683.262
      66.129       40.900       32.441      683.965
      67.131       14.000       32.441      683.965
      68.132       12.000       32.441      683.965
      69.134       13.000       32.441      683.965
      70.137       13.000       32.441      683.965
      71.139       14.000       32.441      683.965
      72.141       18.000       32.441      683.965
      73.143       51.900       33.730      685.340
      74.144       11.000       33.730      685.340
      75.146       14.000       33.730      685.340
      76.148       14.000       33.730      685.340
      77.150       12.000       33.730      685.340
      78.152       15.000       33.730      685.340
      79.153       14.000       33.730      685.340
      80.156       54.900       33.988      685.480
      81.158       14.000       33.988      685.480
      82.160       14.000       33.988      685.480
      83.162       13.000       33.988      685.480
      84.164       14.000       33.988      685.480
      85.166       14.000       33.988      685.480
      86.168       13.000       33.988      685.480
      87.170       55.900       34.504      685.996
      88.172       13.000       34.504      685.996
      89.173       13.000       34.504      685.996
      90.175       14.000       34.504      685.996
      91.177       13.000       34.504      685.996
      92.178       10.000       34.504      685.996
      93.180       13.000       34.504      685.996
      94.183       43.900       34.504      686.137
      95.185       12.000       34.504      686.137
      96.186        9.000       34.504      686.137
      97.187       12.000       34.504      686.137
      98.189       11.000       34.504      686.137
      99.191       13.000       34.504      686.137
     100.193       13.000       34.504      686.137
     101.195       44.900       34.762      686.422
     102.197       14.000       34.762      686.422
     103.199       13.000       34.762      686.422
     104.201       12.000       34.762      686.422
     105.203       11.000       34.762      686.422
     106.205       14.000       34.762      686.422
     107.208       13.000       34.762      686.422
     108.210       46.900       35.020      686.562
     109.212       13.000       35.020      686.562
     110.214       12.000       35.020      686.562
     111.216       13.000       35.020      686.562
     112.218       14.000       35.020      686.562
     113.220       12.000       35.020      686.562
     114.222       14.000       35.020      686.562
     115.224       44.900       34.527      685.812
     116.226       13.000       34.527      685.812
     117.228       14.000       34.527      685.812
     118.230       13.000       34.527      685.812
     119.232       13.000       34.527      685.812
     120.235       13.000       34.527      685.812
     121.236       14.000       34.527      685.812
     122.238       49.900       35.039      686.477
     123.240       12.000       35.039      686.477
     124.242       14.000       35.039      686.477
     125.244       12.000       35.039      686.477
     126.246       14.000       35.039      686.477
     127.248       15.000       35.039      686.477
     128.250       13.000       35.039      686.477
     129.252       46.900       35.039      686.621
     130.254       14.000       35.039      686.621
     131.256       12.000       35.039      686.621
     132.258       13.000       35.039      686.621
     133.260       12.000       35.039      686.621
     134.261       13.000       35.039      686.621
     135.263       14.000       35.039      686.621
     136.266       48.900       36.328      687.762
     137.268       12.000       36.328      687.762
     138.270       14.000       36.328      687.762
     139.272       14.000       36.328      687.762
     140.274       12.000       36.328      687.762
     141.276       13.000       36.328      687.762
     142.278       15.000       36.328      687.762
     143.280       57.900       36.328      687.902
     144.282       13.000       36.328      687.902
     145.284       12.000       36.328      687.902
     146.286       11.000       36.328      687.902
     147.288        9.000       36.328      687.902
     148.289       10.000       36.328      687.902
     149.291       11.000       36.328      687.902
     150.293       11.000       36.328      687.902
     151.296       12.000       36.328      687.902
     152.297       51.900       36.395      687.680
     153.299        9.000       36.395      687.680
     154.302       10.000       36.395      687.680
     155.304       10.000       36.395      687.680
     156.306       10.000       36.395      687.680
     157.308       10.000       36.395      687.680
     158.310       37.900       36.395      687.680
     159.312       19.000       36.395      687.891
     160.314       10.000       36.395      687.891
     161.316       12.000       36.395      687.891
     162.317        4.000       36.395      687.891
     163.319       12.000       36.395      687.891
     164.320       10.000       36.395      687.891
     165.321       30.000       36.395      687.891
     166.323       25.000       36.395      688.031
     167.324        7.000       36.395      688.031
     168.325       10.000       36.395      688.031
     169.327       13.000       36.395      688.031
     170.328       12.000       36.395      688.031
     171.330       14.000       36.395      688.031
     172.332       26.000       36.395      688.031
     173.333       31.900       36.336      687.621
     174.335        9.000       36.336      687.621
     175.336        8.000       36.336      687.621
     176.338       10.000       36.336      687.621
     177.339       10.000       36.336      687.621
     178.340        9.000       36.336      687.621
     179.341       26.000       36.336      687.621
     180.343       22.000       36.848      688.309
     181.344        5.000       36.848      688.309
     182.345        5.000       36.848      688.309
     183.347        7.000       36.848      688.309
     184.348        6.000       36.848      688.309
     185.350        9.000       36.848      688.309
     186.352       27.000       36.848      688.309
     187.353       40.900       36.848      688.449
     188.355       10.000       36.848      688.449
     189.357        7.000       36.848      688.449
     190.359       11.000       36.848      688.449
     191.361       13.000       36.848      688.449
     192.363       13.000       36.848      688.449
     193.365       25.000       36.848      688.449
     194.367       46.900       36.848      688.449
     195.369       11.000       36.848      688.449
     196.371       12.000       36.848      688.449
     197.373        9.000       36.848      688.449
     198.374        8.000       36.848      688.449
     199.376       12.000       36.848      688.449
     200.378       29.900       36.848      688.449
     201.380       35.900       36.848      688.449
     202.382       13.000       36.848      688.449
     203.384       10.000       36.848      688.449
     204.385       13.000       36.848      688.449
     205.387       11.000       36.848      688.449
     206.389        9.000       36.848      688.449
     207.391       20.000       36.848      688.449
     208.392       42.000       36.848      688.449
     209.394        8.000       36.848      688.449
     210.396       11.000       36.848      688.449
     211.398        9.000       36.848      688.449
     212.400       10.000       36.848      688.449
     213.402        8.000       36.848      688.449
     214.404       31.900       36.848      688.449
     215.405       29.900       36.848      688.449
     216.407       12.000       36.848      688.449
     217.409       12.000       36.848      688.449
     218.411       10.000       36.848      688.449
     219.412       13.000       36.848      688.449
     220.414       13.000       36.848      688.449
     221.416       21.000       36.848      688.449
     222.417       41.900       36.848      688.449
     223.418       10.000       36.848      696.453
     224.421        9.000       36.848      696.453
     225.423        9.000       36.848      696.453
     226.424        9.000       36.848      696.453
     227.426        5.000       36.848      696.453
     228.428        8.000       36.848      696.453
     229.429        8.000       36.848      696.453
     230.432       10.000       36.848      696.453
