# Elapsed time   CPU (%)     Real (MB)   Virtual (MB)
       0.000        0.000       15.559      539.848
       1.002        8.000       15.559      539.848
       2.004        9.000       15.559      539.848
       3.006       10.000       15.559      539.848
       4.009       12.000       15.559      539.848
       5.011        9.000       15.559      539.848
       6.013       12.000       15.559      539.848
       7.015       10.000       15.559      539.848
       8.017        6.000       15.559      603.848
       9.019       15.000       28.090      679.508
      10.021       13.000       28.090      679.508
      11.023       14.000       28.090      679.508
      12.025       11.000       28.090      679.508
      13.026       13.000       28.090      679.508
      14.029       12.000       28.090      679.508
      15.031       14.000       28.090      679.508
      16.033       12.000       28.090      679.508
      17.034       11.000       28.090      679.508
      18.036       13.000       28.090      679.508
      19.038       12.000       28.090      679.508
      20.040       11.000       28.090      679.508
      21.042       13.000       28.090      679.508
      22.044       12.000       28.090      679.508
      23.046       12.000       28.090      679.508
      24.048       40.900       28.340      679.762
      25.050       15.000       28.340      679.762
      26.053       13.000       28.340      679.762
      27.055       12.000       28.340      679.762
      28.057       13.000       28.340      679.762
      29.059       10.000       28.340      679.762
      30.061       13.000       28.340      679.762
      31.062       41.900       28.855      680.406
      32.064        9.000       28.855      680.406
      33.066       12.000       28.855      680.406
      34.068       35.900       28.855      680.406
      35.069       24.000       28.855      680.406
      36.071       12.000       28.855      680.406
      37.073       19.000       28.855      680.406
      38.074       39.900       29.887      681.406
      39.076       13.000       29.887      681.406
      40.078       14.000       29.887      681.406
      41.080       45.900       29.887      681.406
      42.083       10.000       29.887      681.406
      43.084       13.000       29.887      681.406
      44.086       11.000       29.887      681.406
      45.088       14.000       29.887      681.406
      46.091       12.000       29.887      681.406
      47.093        9.000       29.887      681.406
      48.095       46.900       30.402      681.918
      49.097        9.000       30.402      681.918
      50.098       12.000       30.402      681.918
      51.100        7.000       30.402      681.918
      52.101       32.000       30.402      681.918
      53.102       15.000       30.402      681.918
      54.104        8.000       30.402      681.918
      55.105        5.000       30.402      681.918
      56.106       48.900       31.434      682.871
      57.108        9.000       31.434      682.871
      58.110        9.000       31.434      682.871
      59.112        7.000       31.434      682.871
      60.113        9.000       31.434      682.871
      61.114        9.000       31.434      682.871
      62.115        8.000       31.434      682.871
      63.117       44.900       31.949      683.371
      64.119        8.000       31.949      683.371
      65.120       10.000       31.949      683.371
      66.122       10.000       31.949      683.371
      67.124       48.900       31.949      683.371
      68.125       12.000       31.949      683.371
      69.126       12.000       31.949      683.371
      70.128       53.900       33.496      684.902
      71.130       13.000       33.496      684.902
      72.132       12.000       33.496      684.902
      73.135       48.900       33.496      684.902
      74.136       18.000       33.496      684.902
      75.138       15.000       33.496      684.902
      76.140       36.900       33.496      684.902
      77.142       28.900       34.012      685.477
      78.144       13.000       34.012      685.477
      79.147       16.000       34.012      685.477
      80.148       50.900       34.012      685.477
      81.152       14.000       34.012      685.477
      82.154       14.000       34.012      685.477
      83.157       51.900       34.270      685.855
      84.159       14.000       34.270      685.855
      85.161       13.000       34.270      685.855
      86.163       53.900       34.270      685.855
      87.165       12.000       34.270      685.855
      88.167       14.000       34.270      685.855
      89.169       12.000       34.270      685.855
      90.171       48.900       35.043      686.527
      91.173       16.000       35.043      686.527
      92.175       12.000       35.043      686.527
      93.177       14.000       35.043      686.527
      94.179       14.000       35.043      686.527
      95.181       13.000       35.043      686.527
      96.183       13.000       35.043      686.527
      97.185       44.900       35.043      686.527
      98.186       12.000       35.043      686.527
      99.189       14.000       35.043      686.527
     100.191       14.000       35.043      686.527
     101.193       12.000       35.043      686.527
     102.195       14.000       35.043      686.527
     103.197       13.000       35.043      686.527
     104.199       47.900       35.043      686.527
     105.200       16.000       35.043      686.527
     106.203       15.000       35.043      686.527
     107.205       13.000       35.043      686.527
     108.207       13.000       35.043      686.527
     109.209       47.900       35.043      686.527
     110.211       11.000       35.043      686.527
     111.213       14.000       35.043      686.527
     112.216       14.000       35.043      686.527
     113.217       12.000       35.043      686.527
     114.219       14.000       35.043      686.527
     115.221       11.000       35.043      686.527
     116.223       45.900       35.043      686.527
     117.225       14.000       35.043      686.527
     118.227       15.000       35.043      686.527
     119.229       14.000       35.043      686.527
     120.231       13.000       35.043      686.527
     121.233       14.000       35.043      686.527
     122.235       12.000       35.043      686.527
     123.237       47.900       35.043      686.527
     124.239       13.000       35.043      686.527
     125.241       13.000       35.043      686.527
     126.243       13.000       35.043      686.527
     127.245       13.000       35.043      686.527
     128.247       12.000       35.043      686.527
     129.249       14.000       35.043      686.527
     130.251       49.900       35.043      686.527
     131.252       12.000       35.043      686.527
     132.254       13.000       35.043      686.527
     133.256       14.000       35.043      686.527
     134.259       13.000       35.043      686.527
     135.261       13.000       35.043      686.527
     136.263       39.900       35.043      686.527
     137.264       25.000       35.043      686.527
     138.266       12.000       35.043      686.527
     139.269       26.900       35.043      686.527
     140.270       40.900       35.043      686.527
     141.272       13.000       35.043      686.527
     142.274       15.000       35.043      686.527
     143.277       52.900       35.043      686.527
     144.278       15.000       35.043      686.527
     145.280       14.000       35.043      686.527
     146.282       15.000       35.043      686.527
     147.284       52.900       35.043      686.527
     148.286       13.000       35.043      686.527
     149.289       13.000       35.043      686.527
     150.291       12.000       35.043      686.527
     151.293       39.900       35.043      686.527
     152.294       23.000       35.043      686.527
     153.297       15.000       35.043      686.527
     154.299       14.000       35.043      686.527
     155.301       13.000       35.043      686.527
     156.303       15.000       35.043      686.527
     157.305       13.000       35.043      686.527
     158.307       49.900       35.043      686.527
     159.308       13.000       35.043      686.527
     160.310       13.000       35.043      686.527
     161.312       12.000       35.043      686.527
     162.314       14.000       35.043      686.527
     163.316       14.000       35.043      686.527
     164.319       12.000       35.043      686.527
     165.321       48.900       35.301      686.867
     166.323       14.000       35.301      686.867
     167.325       12.000       35.301      686.867
     168.327       14.000       35.301      686.867
     169.329       12.000       35.301      686.867
     170.331       13.000       35.301      686.867
     171.333       13.000       35.301      686.867
     172.335       48.900       35.559      687.008
     173.337       13.000       35.559      687.008
     174.339       14.000       35.559      687.008
     175.341       15.000       35.559      687.008
     176.343       13.000       35.559      687.008
     177.345       14.000       35.559      687.008
     178.347       13.000       35.559      687.008
     179.349       48.900       35.816      687.137
     180.351       14.000       35.816      687.375
     181.353       14.000       35.816      687.375
     182.355       13.000       35.816      687.375
     183.357       14.000       35.816      687.375
     184.358       15.000       35.816      687.375
     185.360       17.000       35.816      687.375
     186.362       47.900       36.332      687.730
     187.364       15.000       36.332      687.730
     188.366       11.000       36.332      687.730
     189.368       49.900       36.332      687.730
     190.371       15.000       36.332      687.730
     191.373       12.000       36.332      687.730
     192.375       54.900       36.332      687.871
     193.377       14.000       36.332      687.871
     194.379       13.000       36.332      687.871
     195.381       13.000       36.332      687.871
     196.382       13.000       36.332      687.871
     197.384       12.000       36.332      687.871
     198.387       13.000       36.332      687.871
     199.389       58.900       36.219      687.633
     200.391       14.000       36.219      687.633
     201.393       13.000       36.219      687.633
     202.394       14.000       36.219      687.633
     203.396       13.000       36.219      687.633
     204.398       16.000       36.219      687.633
     205.401       14.000       36.219      687.633
     206.403       55.900       36.477      687.879
     207.405       14.000       36.477      687.879
     208.406       13.000       36.477      687.879
     209.407       12.000       36.477      687.879
     210.409       13.000       36.477      687.879
     211.412       14.000       36.477      687.879
     212.413       12.000       36.477      687.879
     213.415       52.900       36.477      688.020
     214.417       15.000       36.477      688.020
     215.419       11.000       36.477      688.020
     216.421       13.000       36.477      688.020
     217.423       14.000       36.477      688.020
     218.425       14.000       36.477      688.020
     219.427       13.000       36.477      688.020
     220.429       54.900       36.734      688.227
     221.431       12.000       36.734      688.227
     222.433       12.000       36.734      688.227
     223.435       15.000       36.734      688.227
     224.437        8.000       36.734      696.230
     225.439        9.000       36.734      696.230
     226.441       11.000       36.734      696.230
     227.444       10.000       36.734      696.230
     228.446       10.000       36.734      696.230
     229.448        5.000       36.734      696.230
     230.450        8.000       36.734      696.230
     231.452       11.000       36.734      696.230
     232.455        7.000       36.734      696.230
     233.457        7.000       36.734      696.230
