# Elapsed time   CPU (%)     Real (MB)   Virtual (MB)
       0.000        0.000       15.629      539.848
       1.002       10.000       15.629      539.848
       2.004        9.000       15.629      539.848
       3.006        9.000       15.629      539.848
       4.008        9.000       15.629      603.848
       5.010       13.000       28.152      679.508
       6.012       12.000       28.152      679.508
       7.014       14.000       28.152      679.508
       8.016       11.000       28.152      679.508
       9.018       15.000       28.152      679.508
      10.020       15.000       28.152      679.508
      11.022       14.000       28.152      679.508
      12.024       14.000       28.152      679.508
      13.026       14.000       28.152      679.508
      14.027       14.000       28.152      679.508
      15.030       12.000       28.152      679.508
      16.031       17.000       28.152      679.508
      17.033       37.900       28.383      679.762
      18.035       15.000       28.383      679.762
      19.037       15.000       28.383      679.762
      20.039       13.000       28.383      679.762
      21.042       14.000       28.383      679.762
      22.043       23.000       28.383      679.762
      23.045       32.900       28.383      679.910
      24.047       15.000       28.383      679.910
      25.050       15.000       28.383      679.910
      26.052       12.000       28.383      679.910
      27.054       14.000       28.383      679.910
      28.056       43.900       28.641      680.051
      29.058       14.000       28.641      680.051
      30.060       15.000       28.641      680.051
      31.062       14.000       28.641      680.051
      32.064       13.000       28.641      680.051
      33.065       49.900       29.930      681.410
      34.067       15.000       29.930      681.410
      35.069       12.000       29.930      681.410
      36.071       13.000       29.930      681.410
      37.073       13.000       29.930      681.410
      38.075       48.900       30.445      681.910
      39.077       14.000       30.445      681.910
      40.079       13.000       30.445      681.910
      41.080       13.000       30.445      681.910
      42.082       14.000       30.445      681.910
      43.084       47.900       30.703      682.051
      44.086       14.000       30.703      682.051
      45.088       14.000       30.703      682.051
      46.090       14.000       30.703      682.051
      47.092       12.000       30.703      682.051
      48.094       47.900       30.703      682.051
      49.096       13.000       30.703      682.051
      50.098       12.000       30.703      682.051
      51.100       14.000       30.703      682.051
      52.102       14.000       30.703      682.051
      53.104       44.900       31.477      682.902
      54.106       14.000       31.477      682.902
      55.108       13.000       31.477      682.902
      56.110       12.000       31.477      682.902
      57.112       14.000       31.477      682.902
      58.113       44.900       31.992      683.406
      59.116       14.000       31.992      683.406
      60.118       14.000       31.992      683.406
      61.120       11.000       31.992      683.406
      62.122       12.000       31.992      683.406
      63.124       51.900       33.023      684.398
      64.126       13.000       33.023      684.398
      65.128       13.000       33.023      684.398
      66.130       14.000       33.023      684.398
      67.132       14.000       33.023      684.398
      68.134       51.900       33.023      684.398
      69.136       13.000       33.023      684.398
      70.137       13.000       33.023      684.398
      71.139       12.000       33.023      684.398
      72.141       15.000       33.023      684.398
      73.143       52.900       34.570      685.941
      74.145       13.000       34.570      685.941
      75.147       13.000       34.570      685.941
      76.149       14.000       34.570      685.941
      77.151       14.000       34.570      685.941
      78.154       45.900       34.570      685.941
      79.155       22.000       34.570      686.086
      80.157       13.000       34.570      686.086
      81.159       13.000       34.570      686.086
      82.161       13.000       34.570      686.086
      83.163       34.900       34.570      686.086
      84.164       30.000       35.086      686.453
      85.166       13.000       35.086      686.453
      86.168       13.000       35.086      686.453
      87.169       12.000       35.086      686.453
      88.172       30.900       35.086      686.453
      89.173       30.900       35.086      686.594
      90.175       14.000       35.086      686.594
      91.177       14.000       35.086      686.594
      92.178       13.000       35.086      686.594
      93.179       23.000       35.086      686.594
      94.181       33.900       34.648      686.008
      95.182       12.000       34.648      686.008
      96.184       13.000       34.648      686.008
      97.186       15.000       34.648      686.008
      98.188       23.000       34.648      686.008
      99.189       34.000       34.648      686.008
     100.191       14.000       34.648      686.008
     101.192       13.000       34.648      686.008
     102.194       13.000       34.648      686.008
     103.196       17.000       34.648      686.008
     104.197       44.900       34.648      686.008
     105.200       15.000       34.648      686.008
     106.202       14.000       34.648      686.008
     107.204       15.000       34.648      686.008
     108.206       15.000       34.648      686.008
     109.208       49.900       34.648      686.008
     110.210       13.000       34.648      686.008
     111.212       13.000       34.648      686.008
     112.214       13.000       34.648      686.008
     113.215       13.000       34.648      686.008
     114.217       47.900       34.648      686.008
     115.219       14.000       34.648      686.008
     116.221       13.000       34.648      686.008
     117.223       13.000       34.648      686.008
     118.226       13.000       34.648      686.008
     119.228       49.900       34.648      686.008
     120.230       13.000       34.648      686.008
     121.232       15.000       34.648      686.008
     122.233       13.000       34.648      686.008
     123.235       13.000       34.648      686.008
     124.237       49.900       34.648      686.008
     125.239       12.000       34.648      686.008
     126.241       14.000       34.648      686.008
     127.243       14.000       34.648      686.008
     128.245       12.000       34.648      686.008
     129.247       42.900       34.648      686.008
     130.249       13.000       34.648      686.008
     131.251       13.000       34.648      686.008
     132.253       12.000       34.648      686.008
     133.256       14.000       34.648      686.008
     134.257       56.900       34.648      686.008
     135.259       13.000       34.648      686.008
     136.261       12.000       34.648      686.008
     137.263       13.000       34.648      686.008
     138.265       15.000       34.648      686.008
     139.267       58.900       34.648      686.008
     140.268       13.000       34.648      686.008
     141.270       13.000       34.648      686.008
     142.272       15.000       34.648      686.008
     143.273       12.000       34.648      686.008
     144.276       15.000       34.648      686.008
     145.278       14.000       34.648      686.008
     146.279       52.900       34.648      686.008
     147.281       13.000       34.648      686.008
     148.283       15.000       34.648      686.008
     149.285       12.000       34.648      686.008
     150.287       51.900       34.648      686.008
     151.288       14.000       34.648      686.008
     152.290       13.000       34.648      686.008
     153.292       14.000       34.648      686.008
     154.294       12.000       34.648      686.008
     155.295       47.900       34.648      686.008
     156.297       14.000       34.648      686.008
     157.299       13.000       34.648      686.008
     158.300       12.000       34.648      686.008
     159.302       15.000       34.648      686.008
     160.303       44.900       34.648      686.008
     161.305       14.000       34.648      686.008
     162.306       15.000       34.648      686.008
     163.308       13.000       34.648      686.008
     164.308       12.000       34.648      686.008
     165.310       47.900       34.648      686.008
     166.312       13.000       34.648      686.008
     167.313       12.000       34.648      686.008
     168.315       13.000       34.648      686.008
     169.317       15.000       34.648      686.008
     170.319       47.900       34.648      686.008
     171.321       15.000       34.648      686.008
     172.323       14.000       34.648      686.008
     173.325       14.000       34.648      686.008
     174.326       13.000       34.648      686.008
     175.328       48.900       34.648      686.008
     176.329       14.000       34.648      686.008
     177.332       14.000       34.648      686.008
     178.334       13.000       34.648      686.008
     179.336       13.000       34.648      686.008
     180.338       48.900       34.648      686.008
     181.339       17.000       34.648      686.172
     182.340       13.000       34.648      686.172
     183.342       14.000       34.648      686.172
     184.343       14.000       34.648      686.172
     185.345       40.900       34.648      686.172
     186.346       29.900       34.906      686.328
     187.348       13.000       34.906      686.328
     188.350       12.000       34.906      686.328
     189.352       14.000       34.906      686.328
     190.353       37.900       34.906      686.328
     191.355       33.900       34.906      686.484
     192.357       14.000       34.906      686.484
     193.359       14.000       34.906      686.484
     194.361       15.000       34.906      686.484
     195.363       35.900       34.906      686.484
     196.363       24.000       34.906      686.484
     197.365       14.000       34.906      686.484
     198.367       14.000       34.906      686.484
     199.369       15.000       34.906      686.484
     200.371       33.000       34.906      686.484
     201.372       32.000       35.164      686.625
     202.373       13.000       35.164      686.625
     203.374       12.000       35.164      686.625
     204.376       14.000       35.164      686.625
     205.378       28.900       35.164      686.625
     206.379       33.900       35.215      686.410
     207.381       13.000       35.215      686.410
     208.383       14.000       35.215      686.410
     209.384       12.000       35.215      686.410
     210.386       30.900       35.215      686.410
     211.387       29.000       35.215      686.410
     212.389       15.000       35.215      686.410
     213.391       14.000       35.215      686.410
     214.393       12.000       35.215      686.410
     215.395       26.000       35.215      686.410
     216.396       41.000       35.727      687.109
     217.398       12.000       35.727      687.109
     218.399       13.000       35.727      687.109
     219.401       12.000       35.727      687.109
     220.404       11.000       35.727      695.113
     221.405       10.000       35.727      695.113
     222.407        9.000       35.727      695.113
     223.409        9.000       35.727      695.113
     224.411       10.000       35.727      695.113
     225.413        6.000       35.727      695.113
     226.415        9.000       35.727      695.113
