# Elapsed time   CPU (%)     Real (MB)   Virtual (MB)
       0.000        0.000       15.527      539.848
       1.001       10.000       15.527      539.848
       2.003       11.000       15.527      539.848
       3.005        7.000       15.527      603.848
       4.006       15.000       23.668      675.125
       5.008       12.000       23.668      675.125
       6.009       14.000       23.668      675.125
       7.011       15.000       23.668      675.125
       8.013       14.000       23.668      675.125
       9.014       13.000       23.668      675.125
      10.016       14.000       23.668      675.125
      11.018       16.000       23.668      675.125
      12.020       11.000       23.668      675.125
      13.022       11.000       23.668      675.125
      14.024       13.000       23.668      675.125
      15.026       10.000       23.668      675.125
      16.028       26.900       23.859      675.285
      17.031       14.000       23.859      675.285
      18.032       11.000       23.859      675.285
      19.034       15.000       23.859      675.285
      20.036       14.000       23.859      675.285
      21.038       14.000       23.859      675.285
      22.040       25.900       23.859      675.438
      23.043       15.000       23.859      675.438
      24.045       10.000       23.859      675.438
      25.046       15.000       23.859      675.438
      26.049       14.000       23.859      675.438
      27.051       29.900       24.117      675.578
      28.053       12.000       24.117      675.578
      29.055       14.000       24.117      675.578
      30.057       26.000       24.117      675.578
      31.058       19.000       24.117      675.578
      32.060       14.000       24.117      675.578
      33.062       12.000       24.117      675.578
      34.064       31.900       24.633      676.195
      35.067       15.000       24.633      676.195
      36.069       12.000       24.633      676.195
      37.072       32.900       24.633      676.195
      38.074       12.000       24.633      676.195
      39.076       15.000       24.633      676.195
      40.078       14.000       24.633      676.195
      41.080       13.000       24.633      676.195
      42.082       29.900       24.891      676.457
      43.084       14.000       24.891      676.457
      44.086       13.000       24.891      676.457
      45.087       13.000       24.891      676.457
      46.089       19.000       24.891      676.457
      47.090       26.000       24.891      676.457
      48.092       13.000       24.891      676.457
      49.094       12.000       24.891      676.457
      50.096       31.900       25.406      676.848
      51.098       12.000       25.406      676.848
      52.100       13.000       25.406      676.848
      53.102       13.000       25.406      676.848
      54.103       13.000       25.406      676.848
      55.105       31.000       25.664      677.219
      56.107       13.000       25.664      677.219
      57.109       13.000       25.664      677.219
      58.110       13.000       25.664      677.219
      59.112       13.000       25.664      677.219
      60.114       30.900       25.664      677.219
      61.116       13.000       25.664      677.219
      62.117        7.000       25.664      677.219
      63.119       31.900       26.180      677.625
      64.121       14.000       26.180      677.625
      65.123       12.000       26.180      677.625
      66.125       27.000       26.180      677.625
      67.126       15.000       26.180      677.625
      68.128       14.000       26.180      677.625
      69.130       14.000       26.180      677.625
      70.132       30.900       26.953      678.398
      71.134       13.000       26.953      678.398
      72.136       12.000       26.953      678.398
      73.138       34.900       26.953      678.398
      74.139       12.000       26.953      678.398
      75.141       13.000       26.953      678.398
      76.143       35.900       26.953      678.539
      77.145       12.000       26.953      678.539
      78.146       13.000       26.953      678.539
      79.148       32.900       26.953      678.539
      80.151       13.000       26.953      678.539
      81.153       12.000       26.953      678.539
      82.155       23.000       26.953      678.539
      83.157       26.000       27.211      678.738
      84.159       14.000       27.211      678.738
      85.161       13.000       27.211      678.738
      86.163       13.000       27.211      678.738
      87.165       24.000       27.211      678.738
      88.166       21.000       27.211      678.738
      89.168       14.000       27.211      678.738
      90.170       13.000       27.211      678.738
      91.172       13.000       27.211      678.738
      92.173       18.000       27.211      678.738
      93.175       28.000       27.039      678.312
      94.176       13.000       27.039      678.312
      95.178       14.000       27.039      678.312
      96.180       14.000       27.039      678.312
      97.182       18.000       27.039      678.312
      98.184       23.000       27.039      678.312
      99.186       12.000       27.039      678.312
     100.188       14.000       27.039      678.312
     101.190       13.000       27.039      678.312
     102.193       13.000       27.039      678.312
     103.195       34.900       27.039      678.312
     104.197       11.000       27.039      678.312
     105.199       14.000       27.039      678.312
     106.201       13.000       27.039      678.312
     107.203       14.000       27.039      678.312
     108.205       30.900       27.039      678.312
     109.207       13.000       27.039      678.312
     110.209       14.000       27.039      678.312
     111.211       14.000       27.039      678.312
     112.213       13.000       27.039      678.312
     113.215       34.900       27.039      678.312
     114.217       12.000       27.039      678.312
     115.218       14.000       27.039      678.312
     116.220       13.000       27.039      678.312
     117.222       14.000       27.039      678.312
     118.224       32.900       27.039      678.312
     119.226       14.000       27.039      678.312
     120.228       13.000       27.039      678.312
     121.230       13.000       27.039      678.312
     122.232        9.000       27.039      678.312
     123.233       29.900       27.039      678.312
     124.235       13.000       27.039      678.312
     125.237       13.000       27.039      678.312
     126.239       13.000       27.039      678.312
     127.241       12.000       27.039      678.312
     128.242       32.900       27.039      678.520
     129.245       13.000       27.039      678.520
     130.246       13.000       27.039      678.520
     131.248       24.000       27.039      678.520
     132.249       20.000       27.039      678.520
     133.250       13.000       27.039      678.520
     134.252       13.000       27.039      678.520
     135.255       36.900       27.293      678.746
     136.257       15.000       27.293      678.746
     137.259       14.000       27.293      678.746
     138.261       31.900       27.293      678.746
     139.263       15.000       27.293      678.746
     140.265       12.000       27.293      678.746
     141.267       13.000       27.293      678.746
     142.269       36.900       27.293      678.922
     143.271       13.000       27.293      678.922
     144.273       13.000       27.293      678.922
     145.274       15.000       27.293      678.922
     146.276       28.900       27.293      678.922
     147.279       13.000       27.293      678.922
     148.281       12.000       27.293      678.922
     149.283       15.000       27.293      678.922
     150.285       13.000       27.293      678.922
     151.287       33.900       26.945      678.422
     152.289       15.000       26.945      678.422
     153.290       13.000       26.945      678.422
     154.293       13.000       26.945      678.422
     155.295       14.000       26.945      678.422
     156.297       29.000       26.945      678.422
     157.298       13.000       26.945      678.422
     158.301       15.000       26.945      678.422
     159.302       11.000       26.945      678.422
     160.305       14.000       26.945      678.422
     161.306       32.900       26.945      678.422
     162.309       12.000       26.945      678.422
     163.311       13.000       26.945      678.422
     164.313       12.000       26.945      678.422
     165.315       13.000       26.945      678.422
     166.317       32.000       26.945      678.422
     167.318       17.000       26.945      678.422
     168.320       12.000       26.945      678.422
     169.322       13.000       26.945      678.422
     170.325       15.000       26.945      678.422
     171.327       28.900       26.945      678.422
     172.329       14.000       26.945      678.422
     173.331       14.000       26.945      678.422
     174.333       14.000       26.945      678.422
     175.335       14.000       26.945      678.422
     176.337       28.000       26.945      678.422
     177.338       19.000       26.945      678.422
     178.340       14.000       26.945      678.422
     179.342       14.000       26.945      678.422
     180.344       15.000       26.945      678.422
     181.346       31.900       26.945      678.422
     182.348       13.000       26.945      678.422
     183.350       14.000       26.945      678.422
     184.351       37.000       26.945      678.562
     185.353       14.000       26.945      678.562
     186.355       14.000       26.945      678.562
     187.357       33.900       26.945      678.562
     188.358       13.000       26.945      678.562
     189.360       13.000       26.945      678.562
     190.362       14.000       26.945      678.562
     191.363       13.000       26.945      678.562
     192.365       37.900       27.203      678.703
     193.367       15.000       27.203      678.703
     194.369       11.000       27.203      678.703
     195.371       13.000       27.203      678.703
     196.373       15.000       27.203      678.703
     197.374       35.000       27.461      678.844
     198.376       14.000       27.461      678.844
     199.379       15.000       27.461      678.844
     200.381       13.000       27.461      678.844
     201.383       13.000       27.461      678.844
     202.385       34.900       27.461      678.844
     203.386       13.000       27.461      678.844
     204.388       12.000       27.461      678.844
     205.390       14.000       27.461      678.844
     206.392       13.000       27.461      678.844
     207.394       29.900       27.461      678.844
     208.396       14.000       27.461      678.844
     209.399       14.000       27.461      678.844
     210.401       13.000       27.461      678.844
     211.402       14.000       27.461      678.844
     212.405       33.900       27.719      679.133
     213.406       13.000       27.719      679.133
     214.408       13.000       27.719      679.133
     215.409       14.000       27.719      679.133
     216.411       12.000       27.719      679.133
     217.413       36.900       27.719      679.273
     218.415       13.000       27.719      679.273
     219.416        8.000       27.719      687.277
     220.418       12.000       27.719      687.277
     221.421       10.000       27.719      687.277
     222.423       12.000       27.719      687.277
     223.425        9.000       27.719      687.277
     224.427       11.000       27.719      687.277
     225.429       11.000       27.719      687.277
     226.432       10.000       27.719      687.277
     227.434       11.000       27.719      687.277
     228.436       10.000       27.719      687.277
     229.438       11.000       27.719      687.277
     230.440       12.000       27.719      687.277
     231.441       11.000       27.719      687.277
     232.444       11.000       27.719      687.277
     233.446       11.000       27.719      687.277
     234.448       10.000       27.719      687.277
     235.451       12.000       27.719      687.277
     236.453       10.000       27.719      687.277
     237.455       10.000       27.719      687.277
     238.457       12.000       27.719      687.277
     239.459       10.000       27.719      687.277
     240.461       11.000       27.719      687.277
     241.463       11.000       27.719      687.277
     242.465       10.000       27.719      687.277
     243.466       10.000       27.719      687.277
     244.468       11.000       27.719      687.277
     245.471       11.000       27.719      687.277
     246.473       11.000       27.719      687.277
     247.475       10.000       27.719      687.277
     248.477       12.000       27.719      687.277
     249.479       10.000       27.719      687.277
     250.481       11.000       27.719      687.277
     251.482       11.000       27.719      687.277
     252.484       10.000       27.719      687.277
     253.487       10.000       27.719      687.277
     254.489       11.000       27.719      687.277
     255.491       10.000       27.719      687.277
     256.493       12.000       27.719      687.277
     257.495       11.000       27.719      687.277
     258.498       10.000       27.719      687.277
     259.499       10.000       27.719      687.277
     260.501       11.000       27.719      687.277
     261.503       11.000       27.719      687.277
     262.505       11.000       27.719      687.277
     263.507       10.000       27.719      687.277
     264.509       11.000       27.719      687.277
     265.512       11.000       27.719      687.277
     266.513       11.000       27.719      687.277
     267.516       11.000       27.719      687.277
     268.518       11.000       27.719      687.277
     269.520       10.000       27.719      687.277
     270.522       10.000       27.719      687.277
     271.524       11.000       27.719      687.277
     272.525       12.000       27.719      687.277
     273.528       10.000       27.719      687.277
     274.530       11.000       27.719      687.277
     275.532       11.000       27.719      687.277
     276.534       10.000       27.719      687.277
     277.535       11.000       27.719      687.277
     278.538       11.000       27.719      687.277
     279.540       11.000       27.719      687.277
     280.542       11.000       27.719      687.277
     281.544       11.000       27.719      687.277
     282.545        9.000       27.719      687.277
     283.548       11.000       27.719      687.277
     284.550       11.000       27.719      687.277
     285.552       10.000       27.719      687.277
     286.554       11.000       27.719      687.277
     287.556       11.000       27.719      687.277
     288.559       10.000       27.719      687.277
     289.561       11.000       27.719      687.277
     290.563       12.000       27.719      687.277
     291.565       10.000       27.719      687.277
     292.567       11.000       27.719      687.277
     293.569       10.000       27.719      687.277
     294.571       11.000       27.719      687.277
     295.574       11.000       27.719      687.277
     296.576       11.000       27.719      687.277
     297.578       10.000       27.719      687.277
     298.580       11.000       27.719      687.277
     299.582       12.000       27.719      687.277
     300.585       10.000       27.719      687.277
     301.587       11.000       27.719      687.277
     302.589       11.000       27.719      687.277
     303.591       10.000       27.719      687.277
     304.593       11.000       27.719      687.277
     305.596       11.000       27.719      687.277
     306.598       11.000       27.719      687.277
     307.600       11.000       27.719      687.277
     308.602       11.000       27.719      687.277
     309.604        9.000       27.719      687.277
     310.607       11.000       27.719      687.277
     311.609       12.000       27.719      687.277
     312.611        9.000       27.719      687.277
     313.613       12.000       27.719      687.277
     314.615       11.000       27.719      687.277
     315.618       11.000       27.719      687.277
     316.620       10.000       27.719      687.277
     317.622        9.000       27.719      687.277
     318.624        7.000       27.719      687.277
     319.626        8.000       27.719      687.277
     320.628        8.000       27.719      687.277
     321.630        7.000       27.719      687.277
     322.632       10.000       27.719      687.277
     323.634       11.000       27.719      687.277
     324.637        9.000       27.719      687.277
     325.639       10.000       27.719      687.277
     326.641        8.000       27.719      687.277
     327.642        7.000       27.719      687.277
