# Elapsed time   CPU (%)     Real (MB)   Virtual (MB)
       0.000        0.000       15.469      539.848
       1.002        9.000       15.469      539.848
       2.003       10.000       15.469      539.848
       3.005        7.000       15.469      603.848
       4.007       13.000       20.414      672.160
       5.009       12.000       20.414      672.160
       6.011       12.000       20.414      672.160
       7.012       14.000       20.414      672.160
       8.015       12.000       20.414      672.160
       9.016       12.000       20.414      672.160
      10.018       12.000       20.414      672.160
      11.020       12.000       20.414      672.160
      12.022       14.000       20.414      672.160
      13.023       13.000       20.414      672.160
      14.025       12.000       20.414      672.160
      15.027       13.000       20.414      672.160
      16.029       20.000       20.695      672.305
      17.032       13.000       20.695      672.305
      18.033       15.000       20.695      672.305
      19.036       15.000       20.695      672.305
      20.038       12.000       20.695      672.305
      21.039       16.000       20.695      672.305
      22.041       19.000       20.695      672.453
      23.043       11.000       20.695      672.453
      24.044       11.000       20.695      672.453
      25.046       13.000       20.695      672.453
      26.047        8.000       20.695      672.453
      27.049       20.000       20.953      672.594
      28.051       13.000       20.953      672.594
      29.053       12.000       20.953      672.594
      30.055       19.000       20.953      672.594
      31.058       12.000       20.953      672.594
      32.059       11.000       20.953      672.594
      33.061       15.000       20.953      672.594
      34.063       19.000       20.953      672.734
      35.065       12.000       20.953      672.734
      36.067       12.000       20.953      672.734
      37.069       20.000       20.953      672.734
      38.071       10.000       20.953      672.734
      39.073       13.000       20.953      672.734
      40.075       12.000       20.953      672.734
      41.077       12.000       20.953      672.734
      42.079       21.000       21.211      672.875
      43.081       12.000       21.211      672.875
      44.083       12.000       21.211      672.875
      45.085       14.000       21.211      672.875
      46.087       20.000       21.211      672.875
      47.089       13.000       21.211      672.875
      48.091       13.000       21.211      672.875
      49.093       13.000       21.211      672.875
      50.095       20.900       20.883      672.336
      51.098       14.000       20.883      672.336
      52.100       10.000       20.883      672.336
      53.102       12.000       20.883      672.336
      54.103       14.000       20.883      672.336
      55.105       20.000       21.137      672.781
      56.106       13.000       21.137      672.781
      57.108       15.000       21.137      672.781
      58.110       12.000       21.137      672.781
      59.111       12.000       21.137      672.781
      60.113       20.000       21.137      672.781
      61.115       12.000       21.137      672.781
      62.117       13.000       21.137      672.781
      63.120       21.000       21.137      672.945
      64.122       13.000       21.137      672.945
      65.124       13.000       21.137      672.945
      66.126       20.000       21.137      672.945
      67.127       14.000       21.137      672.945
      68.130       13.000       21.137      672.945
      69.132       18.000       21.137      672.945
      70.133       17.000       21.395      673.199
      71.135       12.000       21.395      673.199
      72.137       12.000       21.395      673.199
      73.139       20.000       21.395      673.199
      74.141       13.000       21.395      673.199
      75.143       14.000       21.395      673.199
      76.146       22.000       21.652      673.340
      77.148       14.000       21.652      673.340
      78.150       14.000       21.652      673.340
      79.152       20.900       21.652      673.340
      80.154       13.000       21.652      673.340
      81.155       13.000       21.652      673.340
      82.157       23.000       21.605      673.059
      83.159       10.000       21.605      673.059
      84.162       14.000       21.605      673.059
      85.164       15.000       21.605      673.059
      86.166       13.000       21.605      673.059
      87.168       19.000       21.605      673.059
      88.170       13.000       21.605      673.059
      89.172       13.000       21.605      673.059
      90.173       14.000       21.605      673.059
      91.176       12.000       21.605      673.059
      92.177       21.000       21.605      673.059
      93.179       15.000       21.605      673.059
      94.180       13.000       21.605      673.059
      95.182       13.000       21.605      673.059
      96.184       13.000       21.605      673.059
      97.186       19.000       21.605      673.059
      98.188       12.000       21.605      673.059
      99.191       13.000       21.605      673.059
     100.193       13.000       21.605      673.059
     101.195       13.000       21.605      673.059
     102.197       17.000       21.605      673.059
     103.198       20.000       21.605      673.199
     104.200       12.000       21.605      673.199
     105.201       13.000       21.605      673.199
     106.203       13.000       21.605      673.199
     107.205       13.000       21.605      673.199
     108.208       22.000       21.605      673.199
     109.209       14.000       21.605      673.199
     110.212       14.000       21.605      673.199
     111.214       13.000       21.605      673.199
     112.215       13.000       21.605      673.199
     113.216       22.000       21.605      673.199
     114.218       13.000       21.605      673.199
     115.220       14.000       21.605      673.199
     116.222       13.000       21.605      673.199
     117.224       14.000       21.605      673.199
     118.226       23.000       21.605      673.199
     119.228       11.000       21.605      673.199
     120.230       14.000       21.605      673.199
     121.232       12.000       21.605      673.199
     122.234       13.000       21.605      673.199
     123.236       20.000       21.605      673.199
     124.238       13.000       21.605      673.199
     125.240       12.000       21.605      673.199
     126.241       13.000       21.605      673.199
     127.244       14.000       21.605      673.199
     128.245       20.000       21.605      673.199
     129.248       16.000       21.605      673.199
     130.249       12.000       21.605      673.199
     131.252       19.000       21.605      673.199
     132.254       14.000       21.605      673.199
     133.256       13.000       21.605      673.199
     134.257       16.000       21.605      673.199
     135.259       23.000       21.605      673.199
     136.260       14.000       21.605      673.199
     137.263       14.000       21.605      673.199
     138.265       19.000       21.605      673.199
     139.268       15.000       21.605      673.199
     140.269       14.000       21.605      673.199
     141.272       14.000       21.605      673.199
     142.274       24.000       21.605      673.199
     143.276       12.000       21.605      673.199
     144.277       15.000       21.605      673.199
     145.280       13.000       21.605      673.199
     146.282       19.000       21.605      673.199
     147.284       14.000       21.605      673.199
     148.286       14.000       21.605      673.199
     149.287       15.000       21.605      673.199
     150.289       13.000       21.605      673.199
     151.291       24.000       21.605      673.199
     152.293       12.000       21.605      673.199
     153.295       13.000       21.605      673.199
     154.298       14.000       21.605      673.199
     155.300       13.000       21.605      673.199
     156.302       20.000       21.605      673.199
     157.304       13.000       21.605      673.199
     158.305       14.000       21.605      673.199
     159.308       12.000       21.605      673.199
     160.310       14.000       21.605      673.199
     161.312       23.900       21.605      673.199
     162.314       13.000       21.605      673.199
     163.316       12.000       21.605      673.199
     164.318       14.000       21.605      673.199
     165.320       13.000       21.605      673.199
     166.321       24.000       21.605      673.340
     167.324       12.000       21.605      673.340
     168.326       12.000       21.605      673.340
     169.328       14.000       21.605      673.340
     170.330       13.000       21.605      673.340
     171.331       20.000       21.605      673.340
     172.334       14.000       21.605      673.340
     173.336       12.000       21.605      673.340
     174.337        4.000       21.605      673.340
     175.339       11.000       21.605      673.340
     176.341       20.000       21.605      673.059
     177.344       12.000       21.605      673.059
     178.346       16.000       21.605      673.059
     179.348       12.000       21.605      673.059
     180.350       13.000       21.605      673.059
     181.353       21.000       21.605      673.059
     182.355       13.000       21.605      673.059
     183.357       14.000       21.605      673.059
     184.359       26.900       21.605      673.418
     185.362       13.000       21.605      673.418
     186.364       13.000       21.605      673.418
     187.366       22.000       21.605      673.418
     188.368       12.000       21.605      673.418
     189.370       14.000       21.605      673.418
     190.372       12.000       21.605      673.418
     191.373       13.000       21.605      673.418
     192.376       25.900       21.859      673.559
     193.378       13.000       21.859      673.559
     194.380       14.000       21.859      673.559
     195.382       14.000       21.859      673.559
     196.384       13.000       21.859      673.559
     197.386       23.000       21.605      673.059
     198.388       12.000       21.605      673.059
     199.390       12.000       21.605      673.059
     200.392       13.000       21.605      673.059
     201.394       14.000       21.605      673.059
     202.396       23.900       21.859      673.512
     203.398       14.000       21.859      673.512
     204.400       12.000       21.859      673.512
     205.401       13.000       21.859      673.512
     206.404       12.000       21.859      673.512
     207.405       20.000       21.859      673.512
     208.407       15.000       21.859      673.512
     209.409       14.000       21.859      673.512
     210.411       14.000       21.859      673.512
     211.414       13.000       21.859      673.512
     212.416       23.900       21.859      673.676
     213.418       12.000       21.859      673.676
     214.420       14.000       21.859      673.676
     215.422       13.000       21.859      673.676
     216.423       14.000       21.859      673.676
     217.425       25.000       22.117      673.820
     218.426       13.000       22.117      673.820
     219.427        8.000       22.117      681.824
     220.430        9.000       22.117      681.824
     221.431        5.000       22.117      681.824
     222.433       10.000       22.117      681.824
