# Elapsed time   CPU (%)     Real (MB)   Virtual (MB)
       0.000        0.000       15.621      539.848
       1.002       10.000       15.621      539.848
       2.004        9.000       15.621      539.848
       3.006       10.000       15.621      539.848
       4.007        8.000       15.621      603.848
       5.009       14.000       28.082      679.508
       6.012       15.000       28.082      679.508
       7.013       12.000       28.082      679.508
       8.015       15.000       28.082      679.508
       9.016       15.000       28.082      679.508
      10.018       15.000       28.082      679.508
      11.020       13.000       28.082      679.508
      12.021       14.000       28.082      679.508
      13.024       13.000       28.082      679.508
      14.026       13.000       28.082      679.508
      15.030       12.000       28.082      679.508
      16.031       13.000       28.082      679.508
      17.034       40.900       28.363      679.762
      18.036       12.000       28.363      679.762
      19.037       15.000       28.363      679.762
      20.039       15.000       28.363      679.762
      21.042       13.000       28.363      679.762
      22.044       14.000       28.363      679.762
      23.046       38.900       28.363      679.910
      24.048       12.000       28.363      679.910
      25.050       13.000       28.363      679.910
      26.051       13.000       28.363      679.910
      27.053       14.000       28.363      679.910
      28.056       45.900       28.621      680.051
      29.058       10.000       28.621      680.051
      30.060       13.000       28.621      680.051
      31.062       44.900       28.621      680.051
      32.063       17.000       28.621      680.051
      33.065       13.000       28.621      680.051
      34.067       29.900       28.621      680.051
      35.068       35.000       29.910      681.418
      36.070       13.000       29.910      681.418
      37.072       15.000       29.910      681.418
      38.073       47.900       29.910      681.418
      39.075       14.000       29.910      681.418
      40.077       13.000       29.910      681.418
      41.079       12.000       29.910      681.418
      42.081       17.000       29.910      681.418
      43.083       45.900       30.426      681.930
      44.085       13.000       30.426      681.930
      45.087       14.000       30.426      681.930
      46.089       13.000       30.426      681.930
      47.092       37.900       30.426      681.930
      48.093       26.000       30.426      681.930
      49.094       13.000       30.426      681.930
      50.096       13.000       30.426      681.930
      51.098       50.900       31.199      682.699
      52.100       13.000       31.199      682.699
      53.102       13.000       31.199      682.699
      54.104       14.000       31.199      682.699
      55.106       12.000       31.199      682.699
      56.108       45.900       31.973      683.430
      57.109       14.000       31.973      683.430
      58.112       14.000       31.973      683.430
      59.114       13.000       31.973      683.430
      60.116       14.000       31.973      683.430
      61.118       47.900       31.973      683.430
      62.120       13.000       31.973      683.430
      63.122       14.000       31.973      683.430
      64.124       52.900       32.746      684.168
      65.126       13.000       32.746      684.168
      66.128       14.000       32.746      684.168
      67.130       47.900       32.746      684.168
      68.131       17.000       32.746      684.168
      69.134       12.000       32.746      684.168
      70.136       32.900       32.746      684.168
      71.137       31.900       34.293      685.684
      72.140       14.000       34.293      685.684
      73.141       13.000       34.293      685.684
      74.143       54.900       34.293      685.684
      75.146       14.000       34.293      685.684
      76.147       13.000       34.293      685.684
      77.149       55.900       34.293      685.914
      78.151       14.000       34.293      685.914
      79.153       14.000       34.293      685.914
      80.156       52.900       34.293      685.914
      81.157       14.000       34.293      685.914
      82.159       14.000       34.293      685.914
      83.161       40.900       34.293      685.914
      84.163       26.000       34.809      686.426
      85.164       11.000       34.809      686.426
      86.167       12.000       34.809      686.426
      87.169       14.000       34.809      686.426
      88.170       42.900       34.809      686.426
      89.172       17.000       34.809      686.426
      90.174       13.000       34.809      686.426
      91.176       14.000       34.809      686.426
      92.177       12.000       34.809      686.426
      93.179       34.900       34.809      686.426
      94.181       27.000       35.324      686.867
      95.183       12.000       35.324      686.867
      96.185       14.000       35.324      686.867
      97.187       13.000       35.324      686.867
      98.189       36.900       35.324      686.867
      99.191       17.000       35.324      686.867
     100.192       13.000       35.324      686.867
     101.195       12.000       35.324      686.867
     102.197       14.000       35.324      686.867
     103.199       30.900       35.324      686.867
     104.200       36.000       35.582      687.008
     105.202       13.000       35.582      687.008
     106.204       13.000       35.582      687.008
     107.206       11.000       35.582      687.008
     108.208       27.000       35.582      687.008
     109.209       36.900       35.043      686.281
     110.211       13.000       35.043      686.281
     111.213       14.000       35.043      686.281
     112.214       17.000       35.043      686.281
     113.216       21.000       35.043      686.281
     114.217       45.900       35.555      686.949
     115.219       13.000       35.555      686.949
     116.222       12.000       35.555      686.949
     117.224       14.000       35.555      686.949
     118.226       16.000       35.555      686.949
     119.228       48.900       35.555      687.090
     120.230       13.000       35.555      687.090
     121.232       13.000       35.555      687.090
     122.233        7.000       35.555      687.090
     123.235       16.000       35.555      687.090
     124.237       46.900       35.555      687.090
     125.239       12.000       35.555      687.090
     126.240       13.000       35.555      687.090
     127.242       16.000       35.555      687.090
     128.244       18.000       35.555      687.090
     129.245       42.900       36.586      688.027
     130.247       12.000       36.586      688.027
     131.249       14.000       36.586      688.027
     132.251       42.900       36.586      688.027
     133.253       24.000       36.586      688.027
     134.255       12.000       36.586      688.027
     135.258       28.900       36.586      688.027
     136.259       39.900       37.102      688.469
     137.261       13.000       37.102      688.469
     138.263       12.000       37.102      688.469
     139.265       49.900       37.102      688.469
     140.268       13.000       37.102      688.469
     141.269       13.000       37.102      688.469
     142.272       14.000       37.102      688.469
     143.274       57.900       37.102      688.613
     144.276       13.000       37.102      688.613
     145.278       14.000       37.102      688.613
     146.280       13.000       37.102      688.613
     147.282       45.900       37.102      688.613
     148.284       14.000       37.102      688.613
     149.286        9.000       37.102      688.613
     150.288       13.000       37.102      688.613
     151.289       14.000       37.102      688.613
     152.291       52.900       35.590      686.949
     153.292       12.000       35.590      686.949
     154.294       14.000       35.590      686.949
     155.295       11.000       35.590      686.949
     156.297       14.000       35.590      686.949
     157.300       45.900       35.590      686.949
     158.301       13.000       35.590      686.949
     159.303       14.000       35.590      686.949
     160.305       13.000       35.590      686.949
     161.307       14.000       35.590      686.949
     162.309       47.900       35.590      686.949
     163.311       14.000       35.590      686.949
     164.313       13.000       35.590      686.949
     165.315       14.000       35.590      686.949
     166.317       12.000       35.590      686.949
     167.319       48.900       35.590      686.949
     168.322       13.000       35.590      686.949
     169.324       14.000       35.590      686.949
     170.325       13.000       35.590      686.949
     171.328       13.000       35.590      686.949
     172.330       45.900       35.590      686.949
     173.332       13.000       35.590      686.949
     174.334       15.000       35.590      686.949
     175.336       12.000       35.590      686.949
     176.338       11.000       35.590      686.949
     177.340       45.900       35.590      686.949
     178.341       15.000       35.590      686.949
     179.342       13.000       35.590      686.949
     180.344       14.000       35.590      686.949
     181.346       25.000       35.590      686.949
     182.347       38.900       35.590      686.949
     183.349       13.000       35.590      686.949
     184.351       13.000       35.590      686.949
     185.353       57.900       35.590      686.949
     186.356       13.000       35.590      686.949
     187.357       14.000       35.590      686.949
     188.358       55.900       35.590      686.949
     189.360       13.000       35.590      686.949
     190.362       13.000       35.590      686.949
     191.364       12.000       35.590      686.949
     192.366       13.000       35.590      686.949
     193.368       57.900       35.590      686.949
     194.370       12.000       35.590      686.949
     195.371       12.000       35.590      686.949
     196.373       14.000       35.590      686.949
     197.375       12.000       35.590      686.949
     198.377       51.900       35.590      686.949
     199.380       13.000       35.590      686.949
     200.382       13.000       35.590      686.949
     201.384       13.000       35.590      686.949
     202.386       14.000       35.590      686.949
     203.388       51.900       35.590      686.949
     204.390       15.000       35.590      686.949
     205.392       14.000       35.590      686.949
     206.393       12.000       35.590      686.949
     207.395       14.000       35.590      686.949
     208.398       44.900       35.590      686.949
     209.401       14.000       35.590      686.949
     210.403       14.000       35.590      686.949
     211.405       14.000       35.590      686.949
     212.407       13.000       35.590      686.949
     213.409       53.900       35.848      687.395
     214.411       13.000       35.848      687.395
     215.413       13.000       35.848      687.395
     216.415       15.000       35.848      687.395
     217.418       13.000       35.848      687.395
     218.420       56.900       36.105      687.535
     219.422       14.000       36.105      687.535
     220.424       11.000       36.105      695.539
     221.426       10.000       36.105      695.539
     222.428       11.000       36.105      695.539
     223.431       11.000       36.105      695.539
     224.432       10.000       36.105      695.539
     225.434       12.000       36.105      695.539
     226.436       12.000       36.105      695.539
     227.438       11.000       36.105      695.539
     228.441       11.000       36.105      695.539
     229.443       11.000       36.105      695.539
     230.445       11.000       36.105      695.539
     231.447       11.000       36.105      695.539
     232.449       11.000       36.105      695.539
     233.451       11.000       36.105      695.539
     234.453       11.000       36.105      695.539
     235.455        9.000       36.105      695.539
     236.458       10.000       36.105      695.539
     237.460       12.000       36.105      695.539
     238.462       11.000       36.105      695.539
     239.464       11.000       36.105      695.539
     240.466       11.000       36.105      695.539
     241.469       12.000       36.105      695.539
     242.471       11.000       36.105      695.539
     243.473       11.000       36.105      695.539
     244.475       11.000       36.105      695.539
     245.477        8.000       36.105      695.539
     246.480       12.000       36.105      695.539
     247.481       10.000       36.105      695.539
     248.483       11.000       36.105      695.539
     249.485       11.000       36.105      695.539
     250.488       11.000       36.105      695.539
     251.490       10.000       36.105      695.539
     252.492       11.000       36.105      695.539
     253.494       11.000       36.105      695.539
     254.496        9.000       36.105      695.539
     255.498       12.000       36.105      695.539
     256.500       10.000       36.105      695.539
     257.501       11.000       36.105      695.539
     258.504       11.000       36.105      695.539
     259.506       11.000       36.105      695.539
     260.508       10.000       36.105      695.539
     261.510       11.000       36.105      695.539
     262.512       10.000       36.105      695.539
     263.514       10.000       36.105      695.539
     264.516       10.000       36.105      695.539
     265.518        5.000       36.105      695.539
     266.521        8.000       36.105      695.539
