# Elapsed time   CPU (%)     Real (MB)   Virtual (MB)
       0.000        0.000       15.570      539.848
       1.002        8.000       15.570      539.848
       2.004        9.000       15.570      539.848
       3.006        6.000       15.570      539.848
       4.008       15.000       28.094      679.508
       5.010       12.000       28.094      679.508
       6.012       13.000       28.094      679.508
       7.015       15.000       28.094      679.508
       8.017       13.000       28.094      679.508
       9.019       13.000       28.094      679.508
      10.021       14.000       28.094      679.508
      11.022       12.000       28.094      679.508
      12.025       13.000       28.094      679.508
      13.027       14.000       28.094      679.508
      14.029       39.900       28.418      679.762
      15.030       12.000       28.418      679.762
      16.033       14.000       28.418      679.762
      17.035       12.000       28.418      679.762
      18.036       14.000       28.418      679.762
      19.038       38.900       28.418      679.762
      20.041       14.000       28.418      679.762
      21.043       13.000       28.418      679.762
      22.045       42.900       28.418      679.941
      23.047       12.000       28.418      679.941
      24.049       15.000       28.418      679.941
      25.050       39.900       28.418      679.941
      26.053       13.000       28.418      679.941
      27.054       13.000       28.418      679.941
      28.056       46.900       29.965      681.398
      29.058       12.000       29.965      681.398
      30.060       11.000       29.965      681.398
      31.062       46.900       29.965      681.398
      32.063       13.000       29.965      681.398
      33.066       14.000       29.965      681.398
      34.068       46.900       30.223      681.539
      35.070       12.000       30.223      681.539
      36.072       15.000       30.223      681.539
      37.074       49.900       30.223      681.539
      38.076       13.000       30.223      681.539
      39.078       15.000       30.223      681.539
      40.080       47.900       30.480      681.945
      41.082       12.000       30.480      681.945
      42.084       16.000       30.480      681.945
      43.086       46.900       30.480      681.945
      44.088       13.000       30.480      681.945
      45.090       14.000       30.480      681.945
      46.093       47.900       30.738      682.086
      47.095       15.000       30.738      682.086
      48.097       12.000       30.738      682.086
      49.099       46.900       30.738      682.086
      50.101       12.000       30.738      682.086
      51.103       12.000       30.738      682.086
      52.105       50.900       31.254      682.734
      53.107       13.000       31.254      682.734
      54.108       13.000       31.254      682.734
      55.111       40.900       31.254      682.734
      56.113       14.000       31.254      682.734
      57.115       14.000       31.254      682.734
      58.116       45.900       32.285      683.637
      59.119       13.000       32.285      683.637
      60.120       14.000       32.285      683.637
      61.123       47.900       32.285      683.637
      62.125       12.000       32.285      683.637
      63.127       13.000       32.285      683.637
      64.129       52.900       33.059      684.605
      65.130       14.000       33.059      684.605
      66.133       11.000       33.059      684.605
      67.135       52.900       33.059      684.605
      68.137       13.000       33.059      684.605
      69.140       13.000       33.059      684.605
      70.143       50.900       34.605      686.070
      71.146       12.000       34.605      686.070
      72.148       15.000       34.605      686.070
      73.150       51.900       34.605      686.070
      74.152       14.000       34.605      686.070
      75.154       12.000       34.605      686.070
      76.156       56.900       34.863      686.211
      77.157       12.000       34.863      686.211
      78.160       15.000       34.863      686.211
      79.162       53.900       34.863      686.211
      80.164       12.000       34.863      686.211
      81.166       12.000       34.863      686.211
      82.168       51.900       34.863      686.352
      83.170       13.000       34.863      686.352
      84.172       15.000       34.863      686.352
      85.174       48.900       34.863      686.352
      86.177       13.000       34.863      686.352
      87.178       12.000       34.863      686.352
      88.180       47.900       34.766      686.113
      89.182       14.000       34.766      686.113
      90.185       14.000       34.766      686.113
      91.186       43.900       34.766      686.113
      92.188       13.000       34.766      686.113
      93.190       11.000       34.766      686.113
      94.193       45.900       34.766      686.113
      95.194       12.000       34.766      686.113
      96.196       13.000       34.766      686.113
      97.198       44.900       34.766      686.113
      98.200       14.000       34.766      686.113
      99.202       14.000       34.766      686.113
     100.203       48.000       34.766      686.113
     101.205       13.000       34.766      686.113
     102.206       13.000       34.766      686.113
     103.208       44.900       34.766      686.113
     104.210       13.000       34.766      686.113
     105.212       15.000       34.766      686.113
     106.214       49.900       34.766      686.113
     107.215       13.000       34.766      686.113
     108.217       14.000       34.766      686.113
     109.218       43.000       34.766      686.113
     110.219       13.000       34.766      686.113
     111.222       15.000       34.766      686.113
     112.224       53.900       34.766      686.113
     113.225       13.000       34.766      686.113
     114.227       14.000       34.766      686.113
     115.229       44.900       34.766      686.113
     116.230       18.000       34.766      686.113
     117.233       14.000       34.766      686.113
     118.235       43.900       34.766      686.113
     119.236       21.000       34.766      686.113
     120.238       13.000       34.766      686.113
     121.240       44.900       34.766      686.113
     122.242       14.000       34.766      686.113
     123.244       14.000       34.766      686.113
     124.246       50.900       34.766      686.113
     125.247       13.000       34.766      686.113
     126.248       15.000       34.766      686.113
     127.250       40.900       34.766      686.113
     128.252       15.000       34.766      686.113
     129.254       12.000       34.766      686.113
     130.256       47.900       34.766      686.113
     131.258       17.000       34.766      686.113
     132.260       15.000       34.766      686.113
     133.261       50.900       34.766      686.113
     134.263       17.000       34.766      686.113
     135.265       14.000       34.766      686.113
     136.266       42.900       34.766      686.113
     137.267       26.000       34.766      686.113
     138.270       14.000       34.766      686.113
     139.272       34.900       34.766      686.113
     140.273       29.900       34.766      686.113
     141.275       13.000       34.766      686.113
     142.276       14.000       34.766      686.113
     143.277       14.000       34.766      686.113
     144.280       52.900       34.766      686.113
     145.281       15.000       34.766      686.113
     146.283       13.000       34.766      686.113
     147.284       49.900       34.766      686.113
     148.286       14.000       34.766      686.113
     149.288       12.000       34.766      686.113
     150.290       52.900       35.023      686.457
     151.292       13.000       35.023      686.457
     152.293       14.000       35.023      686.457
     153.295       48.900       35.023      686.457
     154.296       12.000       35.023      686.457
     155.298       13.000       35.023      686.457
     156.300       49.900       35.281      686.750
     157.302       13.000       35.281      686.750
     158.304       14.000       35.281      686.750
     159.306       39.900       35.281      686.750
     160.308       14.000       35.281      686.750
     161.309       15.000       35.281      686.750
     162.311       49.900       34.770      686.113
     163.313       13.000       34.770      686.113
     164.314       13.000       34.770      686.113
     165.316       41.900       34.770      686.113
     166.318       13.000       34.770      686.113
     167.320       15.000       34.770      686.113
     168.322       48.900       34.770      686.113
     169.324       13.000       34.770      686.113
     170.325       17.000       34.770      686.113
     171.327       44.900       34.770      686.113
     172.329       12.000       34.770      686.113
     173.330       13.000       34.770      686.113
     174.333       50.900       34.770      686.113
     175.334       13.000       34.770      686.113
     176.336       12.000       34.770      686.113
     177.338       43.900       34.770      686.113
     178.341       14.000       34.770      686.113
     179.342       16.000       34.770      686.113
     180.344       50.900       34.770      686.113
     181.346       13.000       34.770      686.113
     182.348       16.000       34.770      686.113
     183.350       52.900       34.770      686.113
     184.353       13.000       34.770      686.113
     185.354       14.000       34.770      686.113
     186.356       47.900       34.770      686.113
     187.358       23.000       34.770      686.270
     188.358       15.000       34.770      686.270
     189.361       46.900       34.770      686.270
     190.362       18.000       34.770      686.270
     191.365       13.000       34.770      686.270
     192.366       47.900       34.770      686.270
     193.368       23.000       35.027      686.410
     194.370       13.000       35.027      686.410
     195.372       45.900       35.027      686.410
     196.374       13.000       35.027      686.410
     197.375       16.000       35.027      686.410
     198.377       46.900       35.027      686.410
     199.378       20.000       34.953      686.117
     200.380       14.000       34.953      686.117
     201.382       44.900       34.953      686.117
     202.384       12.000       34.953      686.117
     203.387       15.000       34.953      686.117
     204.389       46.900       34.953      686.117
     205.390       16.000       34.953      686.344
     206.391       14.000       34.953      686.344
     207.393       42.900       34.953      686.344
     208.396       13.000       34.953      686.344
     209.398       12.000       34.953      686.344
     210.400       45.900       34.953      686.344
     211.401       18.000       35.465      686.977
     212.403       13.000       35.465      686.977
     213.405       40.000       35.465      686.977
     214.406       20.000       35.465      686.977
     215.408       13.000       35.465      686.977
     216.410       32.900       35.465      686.977
     217.412       32.900       35.723      687.117
     218.414       14.000       35.723      687.117
     219.416       11.000       35.723      695.121
     220.418       10.000       35.723      695.121
     221.419       12.000       35.723      695.121
     222.422       11.000       35.723      695.121
     223.424       11.000       35.723      695.121
     224.426       11.000       35.723      695.121
     225.428       12.000       35.723      695.121
     226.431       11.000       35.723      695.121
     227.433       11.000       35.723      695.121
     228.435       11.000       35.723      695.121
     229.437       10.000       35.723      695.121
     230.439       10.000       35.723      695.121
     231.441       11.000       35.723      695.121
     232.443       10.000       35.723      695.121
     233.446       11.000       35.723      695.121
     234.448       11.000       35.723      695.121
     235.450       10.000       35.723      695.121
     236.452       11.000       35.723      695.121
     237.455       11.000       35.723      695.121
     238.457       11.000       35.723      695.121
     239.459       10.000       35.723      695.121
     240.461       12.000       35.723      695.121
     241.463       11.000       35.723      695.121
     242.466       10.000       35.723      695.121
     243.468       11.000       35.723      695.121
     244.470       11.000       35.723      695.121
     245.472       10.000       35.723      695.121
     246.474        6.000       35.723      695.121
     247.477        9.000       35.723      695.121
     248.479        8.000       35.723      695.121
     249.480        6.000       35.723      695.121
     250.483       10.000       35.723      695.121
