# Elapsed time   CPU (%)     Real (MB)   Virtual (MB)
       0.000        0.000       15.555      539.848
       1.002       11.000       15.555      539.848
       2.004       10.000       15.555      539.848
       3.006        6.000       15.555      539.848
       4.008       15.000       28.078      679.508
       5.010       16.000       28.078      679.508
       6.013       12.000       28.078      679.508
       7.015       16.000       28.078      679.508
       8.018       12.000       28.078      679.508
       9.019       12.000       28.078      679.508
      10.021       12.000       28.078      679.508
      11.022       14.000       28.078      679.508
      12.024       13.000       28.078      679.508
      13.025       13.000       28.078      679.508
      14.028       42.900       28.402      679.762
      15.030       11.000       28.402      679.762
      16.032       14.000       28.402      679.762
      17.034       12.000       28.402      679.762
      18.036       13.000       28.402      679.762
      19.038       40.900       28.402      679.762
      20.040       14.000       28.402      679.762
      21.042       12.000       28.402      679.762
      22.044       41.900       28.402      679.941
      23.046       13.000       28.402      679.941
      24.048       19.000       28.402      679.941
      25.050       34.900       28.402      679.941
      26.052       12.000       28.402      679.941
      27.053       28.000       28.402      679.941
      28.054       32.000       29.949      681.414
      29.055       13.000       29.949      681.414
      30.058       24.000       29.949      681.414
      31.059       36.900       29.949      681.414
      32.061       14.000       29.949      681.414
      33.063       24.000       29.949      681.414
      34.064       38.000       30.207      681.555
      35.066       14.000       30.207      681.555
      36.067       15.000       30.207      681.555
      37.069       46.900       30.207      681.555
      38.070       13.000       30.207      681.555
      39.072       20.000       30.207      681.555
      40.073       43.900       30.465      681.945
      41.075       13.000       30.465      681.945
      42.077       19.000       30.465      681.945
      43.079       38.900       30.465      681.945
      44.081       12.000       30.465      681.945
      45.082       18.000       30.465      681.945
      46.083       42.900       30.723      682.086
      47.085       13.000       30.723      682.086
      48.087       17.000       30.723      682.086
      49.089       42.900       30.723      682.086
      50.091       12.000       30.723      682.086
      51.092       16.000       30.723      682.086
      52.094       45.900       31.238      682.781
      53.095       10.000       31.238      682.781
      54.097       15.000       31.238      682.781
      55.099       37.900       31.238      682.781
      56.101       13.000       31.238      682.781
      57.102       14.000       31.238      682.781
      58.104       44.900       32.270      683.602
      59.106       12.000       32.270      683.602
      60.108       14.000       32.270      683.602
      61.109       47.900       32.270      683.602
      62.110       12.000       32.270      683.602
      63.112       13.000       32.270      683.602
      64.114       53.900       33.043      684.559
      65.116       13.000       33.043      684.559
      66.118       12.000       33.043      684.559
      67.120       53.900       33.043      684.559
      68.122       13.000       33.043      684.559
      69.123       13.000       33.043      684.559
      70.125       51.900       34.590      686.004
      71.126       13.000       34.590      686.004
      72.128       11.000       34.590      686.004
      73.130       51.900       34.590      686.004
      74.132       12.000       34.590      686.004
      75.134       12.000       34.590      686.004
      76.137       52.900       34.590      686.145
      77.138       14.000       34.590      686.145
      78.140       11.000       34.590      686.145
      79.142       52.900       34.590      686.145
      80.144       12.000       34.590      686.145
      81.146       12.000       34.590      686.145
      82.148       51.900       34.848      686.285
      83.150       12.000       34.848      686.285
      84.152       14.000       34.848      686.285
      85.154       46.900       34.848      686.285
      86.156       11.000       34.848      686.285
      87.158       12.000       34.848      686.285
      88.160       48.900       34.566      685.863
      89.162       14.000       34.566      685.863
      90.164       11.000       34.566      685.863
      91.166       44.900       34.566      685.863
      92.167       13.000       34.566      685.863
      93.169       13.000       34.566      685.863
      94.171       45.900       34.566      685.863
      95.174       13.000       34.566      685.863
      96.176       12.000       34.566      685.863
      97.178       44.900       34.566      685.863
      98.180       13.000       34.566      685.863
      99.182       13.000       34.566      685.863
     100.184       45.900       34.566      685.863
     101.186       14.000       34.566      685.863
     102.188       11.000       34.566      685.863
     103.190       44.900       34.566      685.863
     104.193       13.000       34.566      685.863
     105.194       12.000       34.566      685.863
     106.196       50.900       34.566      685.863
     107.198       13.000       34.566      685.863
     108.200       13.000       34.566      685.863
     109.202       43.900       34.566      685.863
     110.204       13.000       34.566      685.863
     111.206       14.000       34.566      685.863
     112.208       51.900       34.566      685.863
     113.210       12.000       34.566      685.863
     114.212       12.000       34.566      685.863
     115.214       48.900       34.566      685.863
     116.216       13.000       34.566      685.863
     117.218       12.000       34.566      685.863
     118.220       50.900       34.566      685.863
     119.222       14.000       34.566      685.863
     120.224       13.000       34.566      685.863
     121.226       45.900       34.566      685.863
     122.228       12.000       34.566      685.863
     123.230       14.000       34.566      685.863
     124.232       47.900       34.566      685.863
     125.234       14.000       34.566      685.863
     126.236       10.000       34.566      685.863
     127.238       43.900       34.566      685.863
     128.240       12.000       34.566      685.863
     129.242       12.000       34.566      685.863
     130.244       51.900       34.566      685.863
     131.246       14.000       34.566      685.863
     132.248       12.000       34.566      685.863
     133.250       50.900       34.566      685.863
     134.252       13.000       34.566      685.863
     135.254       11.000       34.566      685.863
     136.256       52.900       34.566      685.863
     137.257       13.000       34.566      685.863
     138.258       13.000       34.566      685.863
     139.260       46.900       34.566      685.863
     140.262       21.000       34.566      685.863
     141.264       13.000       34.566      685.863
     142.266       13.000       34.566      685.863
     143.268       24.000       34.566      685.863
     144.269       43.900       34.566      685.863
     145.272       14.000       34.566      685.863
     146.274       21.000       34.566      685.863
     147.275       39.900       34.566      685.863
     148.277       14.000       34.566      685.863
     149.280       15.000       34.566      685.863
     150.281       49.900       34.566      685.863
     151.282       13.000       34.566      685.863
     152.284       13.000       34.566      685.863
     153.286       43.900       34.566      685.863
     154.288       14.000       34.566      685.863
     155.290       12.000       34.566      685.863
     156.292       49.900       35.082      686.395
     157.296       13.000       35.082      686.395
     158.298       15.000       35.082      686.395
     159.300       39.900       35.082      686.395
     160.302       14.000       35.082      686.395
     161.304       13.000       35.082      686.395
     162.306       48.900       35.340      686.809
     163.308       13.000       35.340      686.809
     164.310       14.000       35.340      686.809
     165.312       39.900       35.340      686.809
     166.314       13.000       35.340      686.809
     167.316       13.000       35.340      686.809
     168.318       50.900       35.598      686.949
     169.321       13.000       35.598      686.949
     170.322       14.000       35.598      686.949
     171.324       44.900       35.598      686.949
     172.326       13.000       35.598      686.949
     173.328       13.000       35.598      686.949
     174.330       50.900       35.855      687.309
     175.332       14.000       35.855      687.309
     176.334       11.000       35.855      687.309
     177.336       39.900       35.855      687.309
     178.338       14.000       35.855      687.309
     179.341       12.000       35.855      687.309
     180.342       50.900       36.371      687.688
     181.344       12.000       36.371      687.688
     182.346       13.000       36.371      687.688
     183.348       50.900       36.371      687.688
     184.350       13.000       36.371      687.688
     185.352       12.000       36.371      687.688
     186.354       57.900       36.371      687.828
     187.356       13.000       36.371      687.828
     188.358       13.000       36.371      687.828
     189.360       47.900       36.371      687.828
     190.362       13.000       36.371      687.828
     191.364       13.000       36.371      687.828
     192.366       56.900       36.371      687.828
     193.368       13.000       36.371      687.828
     194.370       14.000       36.371      687.828
     195.372       44.900       36.371      687.828
     196.374       12.000       36.371      687.828
     197.376       13.000       36.371      687.828
     198.378       57.900       36.371      687.828
     199.380       13.000       36.371      687.828
     200.382       14.000       36.371      687.828
     201.383       43.900       36.371      687.828
     202.385       13.000       36.371      687.828
     203.387       13.000       36.371      687.828
     204.389       49.900       36.371      687.828
     205.391       14.000       36.371      687.828
     206.393       12.000       36.371      687.828
     207.395       44.900       36.371      687.828
     208.396       13.000       36.371      687.828
     209.398       12.000       36.371      687.828
     210.400       49.900       36.629      688.082
     211.402       14.000       36.629      688.082
     212.404       13.000       36.629      688.082
     213.406       46.900       36.629      688.082
     214.408       11.000       36.629      688.082
     215.410       14.000       36.629      688.082
     216.412       42.900       36.629      688.082
     217.414       23.000       36.887      688.223
     218.416       12.000       36.887      688.223
     219.418       10.000       36.887      696.227
     220.420       12.000       36.887      696.227
     221.422        9.000       36.887      696.227
     222.423        9.000       36.887      696.227
     223.426        5.000       36.887      696.227
     224.427       10.000       36.887      696.227
     225.429        9.000       36.887      696.227
