# Elapsed time   CPU (%)     Real (MB)   Virtual (MB)
       0.000        0.000       15.504      539.848
       1.002        8.000       15.504      539.848
       2.004       11.000       15.504      539.848
       3.005        6.000       15.504      539.848
       4.007       14.000       28.113      679.508
       5.009       15.000       28.113      679.508
       6.011       14.000       28.113      679.508
       7.013       13.000       28.113      679.508
       8.015       14.000       28.113      679.508
       9.017       13.000       28.113      679.508
      10.019       11.000       28.113      679.508
      11.021       14.000       28.113      679.508
      12.023       14.000       28.113      679.508
      13.025       13.000       28.113      679.508
      14.026       35.000       28.113      679.508
      15.028       20.000       28.320      679.762
      16.029       13.000       28.320      679.762
      17.031       15.000       28.320      679.762
      18.033       13.000       28.320      679.762
      19.035       39.900       28.320      679.762
      20.037       14.000       28.320      679.762
      21.039       15.000       28.320      679.762
      22.040       41.900       28.320      679.941
      23.042       13.000       28.320      679.941
      24.043       14.000       28.320      679.941
      25.044       40.900       28.320      679.941
      26.047       13.000       28.320      679.941
      27.049       14.000       28.320      679.941
      28.050       42.000       29.867      681.379
      29.052       13.000       29.867      681.379
      30.053       13.000       29.867      681.379
      31.055       47.900       29.867      681.379
      32.057       12.000       29.867      681.379
      33.059       15.000       29.867      681.379
      34.060       49.900       29.867      681.520
      35.062       13.000       29.867      681.520
      36.064       14.000       29.867      681.520
      37.066       47.900       29.867      681.520
      38.067       15.000       29.867      681.520
      39.069       14.000       29.867      681.520
      40.070       48.000       30.383      681.945
      41.072       14.000       30.383      681.945
      42.073       12.000       30.383      681.945
      43.074       49.900       30.383      681.945
      44.076       14.000       30.383      681.945
      45.077       15.000       30.383      681.945
      46.079       49.900       30.641      682.086
      47.081       14.000       30.641      682.086
      48.083       13.000       30.641      682.086
      49.084       44.900       30.641      682.086
      50.086       15.000       30.641      682.086
      51.088       13.000       30.641      682.086
      52.089       47.900       31.414      682.832
      53.091       14.000       31.414      682.832
      54.093       13.000       31.414      682.832
      55.094       42.000       31.414      682.832
      56.095       13.000       31.414      682.832
      57.096       14.000       31.414      682.832
      58.098       46.900       31.930      683.520
      59.100       12.000       31.930      683.520
      60.101       13.000       31.930      683.520
      61.103       49.900       31.930      683.520
      62.105       13.000       31.930      683.520
      63.107       13.000       31.930      683.520
      64.109       51.900       32.961      684.477
      65.111       14.000       32.961      684.477
      66.113       14.000       32.961      684.477
      67.115       50.900       32.961      684.477
      68.117       14.000       32.961      684.477
      69.119       13.000       32.961      684.477
      70.120       53.900       34.508      686.039
      71.122       13.000       34.508      686.039
      72.123       10.000       34.508      686.039
      73.125       51.900       34.508      686.039
      74.127       14.000       34.508      686.039
      75.129       13.000       34.508      686.039
      76.130       52.900       34.766      686.180
      77.131       14.000       34.766      686.180
      78.133       14.000       34.766      686.180
      79.135       48.900       34.766      686.180
      80.137       14.000       34.766      686.180
      81.138       13.000       34.766      686.180
      82.139       50.900       34.766      686.320
      83.141       12.000       34.766      686.320
      84.143       13.000       34.766      686.320
      85.145       45.900       34.766      686.320
      86.147       15.000       34.766      686.320
      87.149       12.000       34.766      686.320
      88.150       45.900       34.766      686.320
      89.152       17.000       34.652      686.066
      90.154       13.000       34.652      686.066
      91.154       44.000       34.652      686.066
      92.156       16.000       34.652      686.066
      93.157       12.000       34.652      686.066
      94.158       44.000       34.652      686.066
      95.159       17.000       34.652      686.066
      96.161       15.000       34.652      686.066
      97.163       39.900       34.652      686.066
      98.164       20.000       34.652      686.066
      99.165       13.000       34.652      686.066
     100.166       41.000       34.652      686.066
     101.168       18.000       34.652      686.066
     102.169       13.000       34.652      686.066
     103.171       39.900       34.652      686.066
     104.172       19.000       34.652      686.066
     105.174       13.000       34.652      686.066
     106.176       33.000       34.652      686.066
     107.177       30.900       34.652      686.066
     108.179       12.000       34.652      686.066
     109.181       32.900       34.652      686.066
     110.183       25.000       34.652      686.066
     111.185       14.000       34.652      686.066
     112.185       34.000       34.652      686.066
     113.187       33.900       34.652      686.066
     114.189       13.000       34.652      686.066
     115.191       27.000       34.652      686.066
     116.193       35.900       34.652      686.066
     117.195       14.000       34.652      686.066
     118.196       26.000       34.652      686.066
     119.198       40.900       34.652      686.066
     120.200       12.000       34.652      686.066
     121.201       25.000       34.652      686.066
     122.203       36.900       34.652      686.066
     123.205       11.000       34.652      686.066
     124.207       31.900       34.652      686.066
     125.209       32.900       34.652      686.066
     126.211       12.000       34.652      686.066
     127.213       31.900       34.652      686.066
     128.214       28.000       34.652      686.066
     129.216       12.000       34.652      686.066
     130.217       28.000       34.652      686.066
     131.219       40.900       34.652      686.066
     132.221       13.000       34.652      686.066
     133.223       29.000       34.652      686.066
     134.225       37.900       34.652      686.066
     135.227       14.000       34.652      686.066
     136.228       20.000       34.652      686.066
     137.229       48.000       34.652      686.066
     138.231       13.000       34.652      686.066
     139.233       15.000       34.652      686.066
     140.234       52.000       34.652      686.066
     141.236       12.000       34.652      686.066
     142.237       15.000       34.652      686.066
     143.239       16.000       34.652      686.066
     144.241       53.900       34.652      686.066
     145.244       15.000       34.652      686.066
     146.246       15.000       34.652      686.066
     147.248       46.900       34.652      686.066
     148.250       15.000       34.652      686.066
     149.253       13.000       34.652      686.066
     150.255       50.900       34.652      686.066
     151.257       13.000       34.652      686.066
     152.259       14.000       34.652      686.066
     153.262       44.900       34.652      686.066
     154.263       13.000       34.652      686.066
     155.266       13.000       34.652      686.066
     156.268       45.900       34.652      686.066
     157.270       13.000       34.652      686.066
     158.272       13.000       34.652      686.066
     159.274       40.900       34.652      686.066
     160.275       13.000       34.652      686.066
     161.278       13.000       34.652      686.066
     162.279       46.900       34.652      686.066
     163.281       14.000       34.652      686.066
     164.283       14.000       34.652      686.066
     165.285       38.900       34.652      686.066
     166.287       15.000       34.652      686.066
     167.290       14.000       34.652      686.066
     168.292       49.900       34.652      686.066
     169.293       17.000       34.910      686.309
     170.295       14.000       34.910      686.309
     171.298       44.900       34.910      686.309
     172.300       12.000       34.910      686.309
     173.302       14.000       34.910      686.309
     174.304       50.900       34.910      686.309
     175.305       15.000       35.684      687.199
     176.308       15.000       35.684      687.199
     177.310       42.900       35.684      687.199
     178.312       14.000       35.684      687.199
     179.314       13.000       35.684      687.199
     180.316       43.900       35.684      687.199
     181.317       24.000       35.941      687.562
     182.320       15.000       35.941      687.562
     183.321       36.900       35.941      687.562
     184.322       29.000       35.941      687.562
     185.325       15.000       35.941      687.562
     186.327       29.000       35.941      687.562
     187.328       43.900       36.199      687.812
     188.330       14.000       36.199      687.812
     189.332       29.900       36.199      687.812
     190.333       37.900       36.199      687.812
     191.335       12.000       36.199      687.812
     192.337       28.900       36.199      687.812
     193.339       41.900       36.457      687.953
     194.341       12.000       36.457      687.953
     195.343       27.000       36.457      687.953
     196.345       31.900       36.457      687.953
     197.346       15.000       36.457      687.953
     198.348       29.900       36.457      687.953
     199.350       39.900       36.312      687.578
     200.351       14.000       36.312      687.578
     201.353       27.000       36.312      687.578
     202.354       32.000       36.312      687.578
     203.355       15.000       36.312      687.578
     204.357       26.000       36.312      687.578
     205.359       39.900       36.312      687.863
     206.360       13.000       36.312      687.863
     207.361       29.000       36.312      687.863
     208.363       29.000       36.312      687.863
     209.365       12.000       36.312      687.863
     210.367       27.900       36.312      687.863
     211.369       32.900       36.566      688.211
     212.371       14.000       36.566      688.211
     213.372       19.000       36.566      688.211
     214.374       41.900       36.566      688.211
     215.376       13.000       36.566      688.211
     216.378       13.000       36.566      688.211
     217.380       50.900       36.824      688.352
     218.381       12.000       36.824      688.352
     219.384       10.000       36.824      696.355
     220.386       10.000       36.824      696.355
     221.388        6.000       36.824      696.355
     222.390        5.000       36.824      696.355
     223.392       10.000       36.824      696.355
     224.394       10.000       36.824      696.355
     225.396       10.000       36.824      696.355
