# Elapsed time   CPU (%)     Real (MB)   Virtual (MB)
       0.000        0.000       15.523      539.848
       1.001        9.000       15.523      539.848
       2.002       10.000       15.523      539.848
       3.004        7.000       15.523      539.848
       4.007       14.000       28.129      679.508
       5.009       11.000       28.129      679.508
       6.010       14.000       28.129      679.508
       7.012       14.000       28.129      679.508
       8.014       13.000       28.129      679.508
       9.016       12.000       28.129      679.508
      10.018       15.000       28.129      679.508
      11.020       12.000       28.129      679.508
      12.022       12.000       28.129      679.508
      13.024       13.000       28.129      679.508
      14.025       14.000       28.129      679.508
      15.026       13.000       28.129      679.508
      16.028       14.000       28.129      679.508
      17.030       13.000       28.129      679.508
      18.032       13.000       28.129      679.508
      19.034       11.000       28.129      679.508
      20.035       13.000       28.129      679.508
      21.037       14.000       28.129      679.508
      22.039       39.900       28.359      679.762
      23.041       13.000       28.359      679.762
      24.043       14.000       28.359      679.762
      25.045       14.000       28.359      679.762
      26.047       12.000       28.359      679.762
      27.050       12.000       28.359      679.762
      28.052       13.000       28.359      679.762
      29.053       14.000       28.359      679.762
      30.054       24.000       28.359      679.762
      31.056       34.900       29.391      680.898
      32.058       12.000       29.391      680.898
      33.060       13.000       29.391      680.898
      34.062       13.000       29.391      680.898
      35.064       13.000       29.391      680.898
      36.067       51.900       30.422      681.891
      37.068       15.000       30.422      681.891
      38.071       13.000       30.422      681.891
      39.072       12.000       30.422      681.891
      40.074       14.000       30.422      681.891
      41.076       13.000       30.422      681.891
      42.078       13.000       30.422      681.891
      43.080       12.000       30.422      681.891
      44.082       12.000       30.422      681.891
      45.083       12.000       30.422      681.891
      46.085       46.900       30.422      682.031
      47.086       11.000       30.422      682.031
      48.088       12.000       30.422      682.031
      49.090       14.000       30.422      682.031
      50.092       12.000       30.422      682.031
      51.094       13.000       30.422      682.031
      52.097       13.000       30.422      682.031
      53.098       45.900       30.938      682.531
      54.100       14.000       30.938      682.531
      55.102       12.000       30.938      682.531
      56.104       11.000       30.938      682.531
      57.106       13.000       30.938      682.531
      58.108       14.000       30.938      682.531
      59.111       13.000       30.938      682.531
      60.113       13.000       30.938      682.531
      61.114       13.000       30.938      682.531
      62.116       12.000       30.938      682.531
      63.118       48.900       32.742      684.199
      64.121       13.000       32.742      684.199
      65.122       11.000       32.742      684.199
      66.124       15.000       32.742      684.199
      67.125       11.000       32.742      684.199
      68.127       35.000       32.742      684.199
      69.129       32.900       34.031      685.461
      70.131       13.000       34.031      685.461
      71.133       13.000       34.031      685.461
      72.135       13.000       34.031      685.461
      73.137       13.000       34.031      685.461
      74.138       56.900       34.547      685.961
      75.140       12.000       34.547      685.961
      76.142       12.000       34.547      685.961
      77.144       13.000       34.547      685.961
      78.146       12.000       34.547      685.961
      79.148       55.900       34.547      685.961
      80.149       13.000       34.805      686.297
      81.151       12.000       34.805      686.297
      82.153       12.000       34.805      686.297
      83.155       12.000       34.805      686.297
      84.157       27.900       34.805      686.297
      85.158       34.900       35.320      686.832
      86.160       12.000       35.320      686.832
      87.163       13.000       35.320      686.832
      88.165       12.000       35.320      686.832
      89.167       13.000       35.320      686.832
      90.169       12.000       35.320      686.832
      91.171       13.000       35.320      686.832
      92.173       12.000       35.320      686.832
      93.175       12.000       35.320      686.832
      94.177       25.000       35.320      686.832
      95.178       34.900       35.836      687.332
      96.181       14.000       35.836      687.332
      97.183       13.000       35.836      687.332
      98.185       12.000       35.836      687.332
      99.187       14.000       35.836      687.332
     100.189       12.000       35.836      687.332
     101.190       11.000       35.836      687.332
     102.192       12.000       35.836      687.332
     103.195       12.000       35.836      687.332
     104.197       25.000       35.836      687.332
     105.198       33.900       36.094      687.473
     106.200       14.000       36.094      687.473
     107.202       11.000       36.094      687.473
     108.204       14.000       36.094      687.473
     109.206       15.000       36.094      687.473
     110.208       12.000       36.094      687.473
     111.210       14.000       36.094      687.473
     112.212       13.000       36.094      687.473
     113.215       12.000       36.094      687.473
     114.217       22.000       36.094      687.473
     115.218       37.900       36.094      687.473
     116.220       13.000       36.094      687.473
     117.223       12.000       36.094      687.473
     118.225       13.000       36.094      687.473
     119.227       12.000       36.094      687.473
     120.229       12.000       36.094      687.473
     121.231       13.000       36.094      687.473
     122.233       11.000       36.094      687.473
     123.235       14.000       36.094      687.473
     124.237       26.000       36.094      687.473
     125.238       33.000       36.094      687.473
     126.240       14.000       36.094      687.473
     127.241       12.000       36.094      687.473
     128.243       13.000       36.094      687.473
     129.245       13.000       36.094      687.473
     130.247       13.000       36.094      687.473
     131.248       12.000       36.094      687.473
     132.251       13.000       36.094      687.473
     133.252       11.000       36.094      687.473
     134.255       50.900       36.867      688.270
     135.256       13.000       36.867      688.270
     136.258       13.000       36.867      688.270
     137.260       14.000       36.867      688.270
     138.261       13.000       36.867      688.270
     139.262       52.900       36.867      688.270
     140.263       16.000       36.867      688.410
     141.265       14.000       36.867      688.410
     142.267       13.000       36.867      688.410
     143.269       14.000       36.867      688.410
     144.271       14.000       36.867      688.410
     145.273       14.000       36.867      688.410
     146.275       13.000       36.867      688.410
     147.277       50.900       36.867      688.410
     148.279       14.000       36.867      688.410
     149.281       13.000       36.867      688.410
     150.283       13.000       36.867      688.410
     151.285       13.000       36.867      688.410
     152.287       12.000       36.867      688.410
     153.289       12.000       36.867      688.410
     154.291       12.000       36.867      688.410
     155.293       13.000       36.867      688.410
     156.295       24.000       36.867      688.410
     157.296       36.900       37.383      688.902
     158.298       13.000       37.383      688.902
     159.300       12.000       37.383      688.902
     160.303       12.000       37.383      688.902
     161.304       13.000       37.383      688.902
     162.306       12.000       37.383      688.902
     163.308       14.000       37.383      688.902
     164.311       12.000       37.383      688.902
     165.313       14.000       37.383      688.902
     166.315       21.000       37.383      688.902
     167.316       36.900       36.875      688.270
     168.318       13.000       36.875      688.270
     169.320       12.000       36.875      688.270
     170.322       14.000       36.875      688.270
     171.324       12.000       36.875      688.270
     172.326       12.000       36.875      688.270
     173.328       12.000       36.875      688.270
     174.330       13.000       36.875      688.270
     175.332       13.000       36.875      688.270
     176.334       19.000       36.875      688.270
     177.335       43.900       36.875      688.270
     178.337       13.000       36.875      688.270
     179.339       10.000       36.875      688.270
     180.341       14.000       36.875      688.270
     181.342       14.000       36.875      688.270
     182.344       12.000       36.875      688.270
     183.346       51.900       36.875      688.270
     184.348       18.000       36.875      688.270
     185.350       13.000       36.875      688.270
     186.352       12.000       36.875      688.270
     187.354       13.000       36.875      688.270
     188.356       31.900       36.875      688.270
     189.357       36.900       36.875      688.270
     190.359       13.000       36.875      688.270
     191.361       12.000       36.875      688.270
     192.363       14.000       36.875      688.270
     193.365       12.000       36.875      688.270
     194.367       13.000       36.875      688.270
     195.369       13.000       36.875      688.270
     196.370       14.000       36.875      688.270
     197.372       12.000       36.875      688.270
     198.373       36.000       36.875      688.270
     199.375       32.900       36.875      688.270
     200.377       13.000       36.875      688.270
     201.380       12.000       36.875      688.270
     202.382       13.000       36.875      688.270
     203.383       13.000       36.875      688.270
     204.385       12.000       36.875      688.270
     205.387       14.000       36.875      688.270
     206.389       11.000       36.875      688.270
     207.391       12.000       36.875      688.270
     208.393       34.900       36.875      688.270
     209.394       29.900       36.875      688.270
     210.396       15.000       36.875      688.270
     211.398       11.000       36.875      688.270
     212.400       11.000       36.875      688.270
     213.401       13.000       36.875      688.270
     214.403       12.000       36.875      688.270
     215.405       12.000       36.875      688.270
     216.407       13.000       36.875      688.270
     217.409       14.000       36.875      688.270
     218.411       12.000       36.875      688.270
     219.413       10.000       36.875      696.273
     220.415       11.000       36.875      696.273
     221.417        9.000       36.875      696.273
     222.419        7.000       36.875      696.273
     223.420        8.000       36.875      696.273
     224.422        9.000       36.875      696.273
